4.1741, 25
4.1790, 26
4.1848, 27
4.1895, 26
4.1942, 22
4.2003, 17
4.2059, 13
4.2124, 11
4.2171, 9
4.2219, 7
4.2285, 5
4.2339, 5
4.2387, 3
4.2445, 1
4.2476, 0
4.2502, 0
4.2540, 0
4.2571, 0
4.2603, 0
4.2634, 0
4.2667, 0
4.2705, 0
4.2731, 0
4.2769, 1
4.2802, 1
4.2833, 2
4.2863, 1
4.2899, 0
4.2930, 0
4.2960, 0
4.2991, 0
4.3021, 0
4.3059, 0
4.3104, 0
4.3136, 0
4.3177, 0
4.3207, 0
4.3250, 0
4.3277, 0
4.3322, 0
4.3341, 0
4.3371, 1
4.3398, 3
4.3424, 4
4.3460, 5
4.3498, 7
4.3522, 7
4.3560, 8
4.3602, 9
4.3626, 9
4.3662, 9
4.3696, 9
4.3723, 10
4.3749, 11
4.3798, 11
4.3821, 11
4.3841, 12
4.3865, 13
4.3890, 13
4.3914, 13
4.3938, 14
4.3970, 15
4.4000, 17
4.4030, 18
4.4061, 19
4.4091, 20
4.4123, 21
4.4152, 23
4.4183, 25
4.4219, 25
4.4243, 27
4.4274, 28
4.4305, 29
4.4335, 31
4.4365, 32
4.4395, 33
4.4427, 35
4.4457, 36
4.4488, 37
4.4518, 39
4.4549, 40
4.4580, 41
4.4611, 43
4.4641, 45
4.4672, 47
4.4702, 47
4.4734, 48
4.4764, 49
4.4795, 49
4.4826, 49
4.4857, 50
4.4887, 51
4.4919, 53
4.4949, 54
4.4980, 55
4.5010, 57
4.5041, 58
4.5072, 59
4.5101, 61
4.5132, 62
4.5162, 63
4.5183, 63
4.5214, 63
4.5257, 63
4.5310, 63
4.5350, 63
4.5385, 63
4.5420, 63
4.5493, 63
4.5512, 63
4.5537, 63
4.5569, 62
4.5608, 63
4.5646, 63
4.5686, 63
4.5714, 63
4.5736, 63
4.5792, 63
4.5822, 62
4.5858, 62
4.5883, 58
4.5911, 54
4.5941, 52
4.5970, 50
4.5999, 48
4.6027, 46
4.6056, 44
4.6085, 41
4.6114, 40
4.6144, 37
4.6171, 37
4.6200, 33
4.6229, 32
4.6260, 33
4.6291, 33
4.6321, 34
4.6350, 35
4.6380, 35
4.6410, 35
4.6441, 36
4.6472, 37
4.6502, 37
4.6532, 40
4.6553, 41
4.6574, 41
4.6595, 42
4.6616, 43
4.6638, 43
4.6659, 43
4.6681, 44
4.6708, 43
4.6730, 41
4.6757, 39
4.6778, 37
4.6809, 33
4.6832, 30
4.6851, 28
4.6897, 26
4.6926, 24
4.6953, 22
4.6966, 22
4.6994, 22
4.7024, 22
4.7052, 23
4.7078, 22
4.7105, 21
4.7139, 19
4.7179, 18
4.7218, 16
4.7258, 15
4.7298, 14
4.7336, 13
4.7376, 10
4.7415, 5
4.7452, 3
4.7492, 0
4.7531, 0
4.7571, 0
4.7611, 0
4.7651, 0
4.7691, 0
4.7731, 0
4.7778, 0
4.7818, 0
4.7857, 0
4.7900, 0
4.7941, 0
4.7974, 0
4.8016, 0
4.8065, 0
4.8106, 0
4.8139, 0
4.8181, 0
4.8214, 0
4.8263, 0
4.8296, 0
4.8337, 0
4.8386, 0
4.8427, 0
4.8469, 0
4.8497, 0
4.8515, 0
4.8556, 0
4.8589, 0
4.8631, 0
4.8672, 0
4.8705, 0
4.8746, 0
4.8787, 0
4.8821, 0
4.8879, 0
4.8912, 0
4.8961, 0
4.8995, 0
4.9045, 0
4.9078, 0
4.9120, 0
4.9163, 0
4.9187, 0
4.9222, 0
4.9246, 0
4.9285, 0
4.9322, 0
4.9356, 0
4.9392, 0
4.9422, 0
4.9449, 0
4.9466, 0
4.9496, 0
4.9516, 0
4.9545, 0
4.9574, 0
4.9603, 0
4.9624, 0
4.9662, 0
4.9683, 0
4.9703, 0
4.9750, 0
4.9770, 0
4.9816, 0
4.9837, 0
4.9875, 0
4.9899, 0
4.9921, 0
4.9943, 0
4.9965, 0
4.9990, 0
5.0017, 0
5.0040, 0
5.0064, 0
5.0092, 0
5.0110, 0
5.0131, 0
5.0184, 0
5.0188, 0
5.0215, 0
5.0276, 0
5.0311, 0
5.0330, 0
5.0356, 1
5.0386, 3
5.0414, 5
5.0440, 7
5.0485, 9
5.0521, 11
5.0544, 13
5.0561, 15
5.0609, 17
5.0646, 19
5.0685, 21
5.0714, 23
5.0752, 25
5.0791, 27
5.0825, 29
5.0865, 31
5.0899, 33
5.0938, 35
5.0974, 21
5.1005, 23
5.1041, 25
5.1072, 27
5.1125, 29
5.1150, 31
5.1158, 33
5.1202, 35
5.1253, 37
5.1286, 39
5.1321, 31
5.1355, 32
5.1387, 32
5.1423, 32
5.1453, 32
5.1489, 33
5.1524, 33
5.1564, 33
5.1597, 35
5.1629, 36
5.1662, 37
5.1698, 37
5.1731, 39
5.1766, 39
5.1802, 40
5.1836, 40
5.1871, 41
5.1906, 43
5.1937, 44
5.1972, 45
5.2011, 47
5.2046, 49
5.2078, 50
5.2113, 51
5.2146, 53
5.2180, 54
5.2214, 56
5.2250, 57
5.2283, 59
5.2316, 60
5.2338, 62
5.2355, 63
5.2381, 63
5.2406, 63
5.2434, 63
5.2474, 63
5.2522, 63
5.2562, 63
5.2595, 63
5.2631, 63
5.2682, 63
5.2709, 63
5.2749, 63
5.2785, 62
5.2820, 62
5.2856, 63
5.2895, 63
5.2936, 63
5.2977, 62
5.3017, 62
5.3055, 62
5.3100, 63
5.3138, 63
5.3176, 59
5.3210, 61
5.3244, 63
5.3281, 53
5.3327, 55
5.3376, 57
5.3411, 59
5.3446, 55
5.3482, 57
5.3518, 59
5.3552, 61
5.3591, 63
5.3620, 54
5.3663, 56
5.3693, 58
5.3722, 60
5.3750, 35
5.3786, 35
5.3820, 35
5.3855, 36
5.3890, 21
5.3922, 22
5.3947, 22
5.3977, 24
5.4001, 26
5.4032, 28
5.4064, 30
5.4091, 32
5.4122, 34
5.4153, 36
5.4180, 38
5.4217, 40
5.4243, 42
5.4273, 42
5.4304, 43
5.4328, 18
5.4353, 19
5.4394, 19
5.4433, 19
5.4461, 12
5.4471, 13
5.4480, 13
5.4500, 5
5.4517, 5
5.4540, 0
5.4574, 2
5.4587, 4
5.4605, 6
5.4634, 8
5.4661, 10
5.4689, 12
5.4719, 14
5.4762, 16
5.4801, 11
5.4829, 13
5.4859, 15
5.4890, 17
5.4919, 19
5.4977, 11
5.5001, 13
5.5025, 15
5.5053, 17
5.5066, 18
5.5091, 20
5.5127, 22
5.5158, 24
5.5190, 26
5.5220, 28
5.5247, 30
5.5279, 32
5.5310, 34
5.5342, 36
5.5369, 17
5.5405, 19
5.5442, 21
5.5471, 23
5.5499, 25
5.5532, 27
5.5559, 18
5.5595, 20
5.5625, 22
5.5658, 24
5.5684, 25
5.5717, 27
5.5750, 29
5.5782, 31
5.5815, 33
5.5847, 35
5.5880, 37
5.5914, 39
5.5949, 41
5.5967, 43
5.6009, 26
5.6023, 28
5.6057, 32
5.6080, 34
5.6121, 27
5.6143, 29
5.6190, 28
5.6205, 30
5.6240, 32
5.6277, 34
5.6304, 36
5.6344, 18
5.6379, 18
5.6412, 5
5.6430, 5
5.6457, 6
5.6474, 7
5.6496, 1
5.6519, 3
5.6548, 5
5.6580, 7
5.6612, 9
5.6643, 11
5.6674, 13
5.6706, 15
5.6738, 17
5.6771, 9
5.6804, 11
5.6837, 13
5.6870, 15
5.6903, 16
5.6936, 18
5.6968, 20
5.7001, 22
5.7034, 24
5.7065, 26
5.7099, 28
5.7132, 30
5.7164, 32
5.7197, 27
5.7226, 29
5.7253, 31
5.7283, 33
5.7312, 35
5.7342, 37
5.7380, 35
5.7405, 39
5.7433, 41
5.7459, 5
5.7495, 6
5.7514, 14
5.7545, 16
5.7575, 18
5.7610, 20
5.7642, 22
5.7672, 16
5.7698, 18
5.7731, 20
5.7766, 22
5.7803, 16
5.7837, 18
5.7870, 20
5.7904, 22
5.7933, 24
5.7969, 17
5.8000, 19
5.8034, 21
5.8066, 23
5.8100, 19
5.8133, 21
5.8163, 23
5.8196, 25
5.8230, 27
5.8258, 29
5.8282, 31
5.8324, 0
5.8357, 1
5.8393, 3
5.8427, 5
5.8450, 7
5.8484, 9
5.8508, 11
5.8551, 13
5.8573, 15
5.8597, 21
5.8621, 23
5.8645, 25
5.8678, 27
5.8718, 29
5.8744, 29
5.8779, 29
5.8812, 31
5.8844, 32
5.8879, 33
5.8912, 35
5.8944, 35
5.8988, 35
5.9010, 37
5.9025, 39
5.9065, 39
5.9095, 41
5.9116, 41
5.9148, 43
5.9177, 43
5.9200, 45
5.9220, 46
5.9251, 47
5.9280, 47
5.9307, 47
5.9351, 49
5.9365, 50
5.9398, 51
5.9435, 53
5.9466, 55
5.9492, 57
5.9534, 58
5.9569, 59
5.9593, 61
5.9661, 63
5.9679, 63
5.9750, 63
5.9770, 63
5.9789, 62
5.9804, 63
5.9819, 63
5.9839, 63
5.9866, 63
5.9888, 63
5.9921, 63
5.9937, 63
5.9956, 63
6.0000, 63
6.0020, 63
6.0058, 63
6.0085, 63
6.0104, 63
6.0125, 63
6.0148, 63
6.0182, 63
6.0210, 63
6.0247, 63
6.0266, 63
6.0285, 63
6.0306, 63
6.0329, 63
6.0360, 63
6.0393, 62
6.0418, 61
6.0447, 60
6.0475, 58
6.0504, 56
6.0532, 56
6.0562, 55
6.0590, 55
6.0622, 56
6.0649, 57
6.0679, 58
6.0707, 58
6.0736, 59
6.0767, 60
6.0795, 61
6.0823, 61
6.0854, 62
6.0882, 63
6.0928, 62
6.0956, 63
6.0991, 63
6.1033, 63
6.1089, 63
6.1123, 63
6.1160, 63
6.1182, 63
6.1220, 63
6.1252, 63
6.1269, 63
6.1307, 63
6.1318, 63
6.1340, 63
6.1365, 63
6.1390, 63
6.1412, 63
6.1432, 63
6.1457, 63
6.1493, 63
6.1506, 61
6.1535, 62
6.1567, 62
6.1605, 63
6.1640, 63
6.1656, 63
6.1677, 61
6.1707, 63
6.1743, 63
6.1759, 63
6.1790, 63
6.1821, 62
6.1851, 62
6.1883, 61
6.1914, 61
6.1945, 60
6.1977, 59
6.2008, 56
6.2037, 54
6.2066, 52
6.2112, 51
6.2121, 50
6.2148, 49
6.2177, 47
6.2206, 46
6.2235, 45
6.2276, 43
6.2333, 42
6.2361, 40
6.2396, 39
6.2427, 37
6.2455, 35
6.2480, 34
6.2510, 33
6.2541, 31
6.2571, 29
6.2612, 27
6.2643, 27
6.2675, 17
6.2704, 19
6.2735, 20
6.2766, 22
6.2798, 24
6.2830, 24
6.2862, 26
6.2894, 24
6.2925, 26
6.2973, 28
6.3004, 27
6.3034, 27
6.3066, 25
6.3097, 27
6.3124, 21
6.3151, 21
6.3171, 20
6.3205, 20
6.3239, 21
6.3270, 18
6.3302, 19
6.3334, 6
6.3357, 5
6.3397, 8
6.3420, 9
6.3450, 6
6.3483, 7
6.3523, 8
6.3555, 9
6.3574, 0
6.3610, 1
6.3641, 1
6.3673, 1
6.3713, 2
6.3745, 1
6.3776, 1
6.3808, 3
6.3839, 0
6.3871, 2
6.3902, 4
6.3933, 4
6.3966, 4
6.3997, 4
6.4028, 0
6.4060, 0
6.4094, 0
6.4137, 0
6.4180, 0
6.4224, 0
6.4267, 0
6.4310, 1
6.4353, 1
6.4395, 1
6.4439, 1
6.4473, 0
6.4506, 0
6.4549, 0
6.4592, 0
6.4631, 0
6.4671, 0
6.4713, 0
6.4756, 0
6.4800, 0
6.4842, 1
6.4884, 1
6.4926, 2
6.4970, 2
6.5013, 3
6.5057, 4
6.5100, 3
6.5153, 5
6.5197, 6
6.5240, 7
6.5275, 8
6.5301, 7
6.5328, 7
6.5365, 7
6.5401, 7
6.5426, 8
6.5466, 9
6.5501, 10
6.5532, 12
6.5563, 12
6.5594, 14
6.5625, 14
6.5656, 15
6.5677, 15
6.5706, 16
6.5728, 16
6.5757, 17
6.5780, 16
6.5801, 17
6.5822, 16
6.5843, 18
6.5864, 19
6.5885, 20
6.5907, 20
6.5949, 21
6.5975, 22
6.6002, 23
6.6029, 20
6.6061, 18
6.6112, 17
6.6125, 15
6.6153, 12
6.6178, 10
6.6224, 9
6.6255, 7
6.6288, 5
6.6320, 3
6.6357, 1
6.6391, 0
6.6427, 0
6.6462, 0
6.6499, 0
6.6537, 1
6.6577, 3
6.6616, 4
6.6651, 5
6.6683, 7
6.6714, 7
6.6746, 9
6.6778, 11
6.6815, 13
6.6856, 15
6.6898, 17
6.6940, 19
6.6981, 21
6.7022, 21
6.7063, 23
6.7104, 21
6.7144, 21
6.7182, 21
6.7218, 21
6.7268, 21
6.7280, 22
6.7313, 21
6.7346, 22
6.7381, 21
6.7418, 21
6.7457, 21
6.7494, 22
6.7533, 23
6.7572, 24
6.7614, 25
6.7659, 25
6.7704, 26
6.7747, 27
6.7791, 28
6.7834, 28
6.7889, 29
6.7923, 29
6.7965, 29
6.7999, 30
6.8032, 31
6.8073, 31
6.8101, 31
6.8140, 32
6.8178, 33
6.8210, 35
6.8238, 35
6.8267, 35
6.8298, 35
6.8328, 35
6.8359, 35
6.8390, 34
6.8420, 34
6.8459, 34
6.8495, 5
6.8532, 5
6.8570, 6
6.8607, 0
6.8642, 0
6.8675, 0
6.8716, 0
6.8758, 0
6.8802, 0
6.8837, 1
6.8858, 0
6.8892, 0
6.8943, 0
6.8989, 0
6.9053, 0
6.9091, 0
6.9134, 0
6.9175, 0
6.9215, 0
6.9255, 0
6.9299, 0
6.9343, 0
6.9386, 0
6.9430, 0
6.9471, 0
6.9511, 0
6.9551, 1
6.9597, 2
6.9628, 3
6.9662, 0
6.9696, 0
6.9724, 0
6.9762, 0
6.9785, 0
6.9814, 1
6.9849, 0
6.9874, 1
6.9902, 1
6.9931, 1
6.9961, 0
6.9991, 0
7.0022, 0
7.0054, 0
7.0072, 0
7.0111, 0
7.0126, 0
7.0160, 0
7.0177, 0
7.0198, 0
7.0230, 0
7.0273, 0
7.0293, 0
7.0324, 0
7.0355, 0
7.0397, 0
7.0418, 0
7.0450, 0
7.0482, 0
7.0514, 0
7.0555, 0
7.0577, 0
7.0608, 0
7.0641, 0
7.0672, 0
7.0704, 0
7.0745, 0
7.0777, 0
7.0809, 1
7.0839, 3
7.0869, 4
7.0900, 5
7.0931, 6
7.0963, 7
7.0994, 9
7.1025, 10
7.1057, 10
7.1089, 9
7.1121, 9
7.1152, 10
7.1184, 10
7.1215, 11
7.1248, 3
7.1279, 4
7.1311, 4
7.1343, 4
7.1375, 5
7.1406, 6
7.1437, 7
7.1463, 7
7.1499, 7
7.1527, 8
7.1546, 9
7.1580, 9
7.1607, 10
7.1636, 2
7.1667, 0
7.1695, 0
7.1723, 1
7.1749, 3
7.1778, 4
7.1815, 5
7.1830, 5
7.1858, 7
7.1885, 6
7.1929, 8
7.1955, 5
7.1985, 3
7.2016, 1
7.2041, 0
7.2072, 0
7.2103, 0
7.2132, 0
7.2164, 0
7.2195, 0
7.2225, 0
7.2256, 0
7.2287, 0
7.2317, 0
7.2341, 0
7.2363, 1
7.2384, 3
7.2408, 5
7.2439, 7
7.2462, 9
7.2484, 9
7.2509, 11
7.2538, 12
7.2569, 13
7.2600, 15
7.2631, 16
7.2663, 17
7.2698, 17
7.2722, 15
7.2755, 15
7.2787, 16
7.2820, 15
7.2852, 15
7.2885, 15
7.2916, 14
7.2948, 14
7.2980, 13
7.3013, 13
7.3044, 13
7.3077, 13
7.3109, 10
7.3141, 9
7.3172, 8
7.3205, 7
7.3236, 7
7.3267, 6
7.3299, 3
7.3330, 1
7.3360, 3
7.3391, 5
7.3421, 5
7.3452, 7
7.3483, 8
7.3514, 9
7.3554, 11
7.3583, 13
7.3618, 15
7.3653, 15
7.3678, 15
7.3711, 15
7.3734, 16
7.3769, 15
7.3799, 15
7.3832, 14
7.3859, 15
7.3891, 15
7.3919, 16
7.3944, 17
7.3972, 17
7.4002, 17
7.4032, 17
7.4059, 18
7.4097, 19
7.4140, 19
7.4166, 19
7.4194, 18
7.4219, 19
7.4255, 19
7.4264, 19
7.4278, 19
7.4306, 19
7.4336, 20
7.4366, 21
7.4396, 21
7.4420, 21
7.4450, 21
7.4480, 21
7.4507, 22
7.4530, 23
7.4551, 23
7.4616, 23
7.4624, 23
7.4682, 23
7.4690, 24
7.4734, 25
7.4772, 21
7.4810, 23
7.4843, 21
7.4862, 21
7.4884, 19
7.4905, 18
7.4926, 14
7.4947, 13
7.4965, 9
7.4997, 9
7.5027, 7
7.5058, 6
7.5089, 5
7.5120, 3
7.5151, 2
7.5182, 1
7.5212, 3
7.5243, 4
7.5274, 5
7.5304, 7
7.5334, 7
7.5365, 9
7.5390, 10
7.5421, 11
7.5455, 13
7.5487, 14
7.5510, 15
7.5545, 11
7.5576, 8
7.5618, 7
7.5660, 5
7.5702, 7
7.5743, 8
7.5785, 4
7.5826, 2
7.5868, 1
7.5912, 0
7.5955, 0
7.5997, 0
7.6040, 0
7.6083, 0
7.6125, 0
7.6163, 0
7.6199, 0
7.6236, 0
7.6274, 0
7.6308, 0
7.6342, 0
7.6377, 0
7.6417, 0
7.6445, 0
7.6487, 0
7.6521, 0
7.6545, 0
7.6569, 0
7.6596, 0
7.6628, 0
7.6659, 0
7.6693, 0
7.6723, 0
7.6755, 0
7.6786, 0
7.6817, 0
7.6850, 0
7.6882, 0
7.6914, 0
7.6947, 0
7.6978, 0
7.7010, 0
7.7042, 0
7.7074, 0
7.7104, 2
7.7138, 4
7.7170, 1
7.7201, 0
7.7232, 0
7.7264, 0
7.7296, 0
7.7327, 0
7.7360, 0
7.7396, 0
7.7423, 0
7.7455, 0
7.7485, 0
7.7517, 0
7.7549, 0
7.7579, 0
7.7611, 0
7.7643, 0
7.7674, 0
7.7708, 0
7.7739, 0
7.7770, 0
7.7802, 0
7.7834, 1
7.7865, 1
7.7896, 1
7.7933, 0
7.7960, 2
7.8005, 1
7.8036, 1
7.8067, 1
7.8097, 1
7.8123, 0
7.8163, 0
7.8190, 0
7.8220, 0
7.8252, 0
7.8285, 0
7.8309, 0
7.8345, 0
7.8379, 0
7.8419, 0
7.8438, 0
7.8468, 0
7.8488, 0
7.8514, 0
7.8548, 0
7.8573, 0
7.8595, 0
7.8626, 0
7.8656, 0
7.8681, 0
7.8708, 0
7.8733, 0
7.8762, 0
7.8792, 0
7.8813, 0
7.8848, 0
7.8874, 0
7.8902, 0
7.8933, 0
7.8964, 0
7.8995, 0
7.9027, 1
7.9059, 3
7.9090, 0
7.9122, 1
7.9152, 0
7.9185, 1
7.9216, 0
7.9249, 0
7.9318, 0
7.9360, 0
7.9394, 0
7.9424, 0
7.9453, 0
7.9486, 1
7.9605, 2
7.9629, 4
7.9668, 6
7.9707, 8
7.9753, 9
7.9793, 6
7.9826, 7
7.9864, 7
7.9902, 5
7.9945, 5
7.9981, 5
8.0019, 6
8.0056, 6
8.0088, 7
8.0116, 7
8.0152, 7
8.0183, 7
8.0215, 8
8.0246, 9
8.0275, 9
8.0310, 9
8.0338, 9
8.0373, 10
8.0406, 11
8.0437, 11
8.0469, 11
8.0499, 11
8.0528, 12
8.0563, 13
8.0596, 13
8.0626, 13
8.0658, 13
8.0689, 14
8.0723, 15
8.0755, 17
8.0789, 19
8.0817, 21
8.0844, 23
8.0886, 25
8.0926, 27
8.0978, 17
8.1041, 19
8.1078, 21
8.1104, 23
8.1138, 25
8.1173, 20
8.1190, 22
8.1222, 24
8.1241, 26
8.1263, 28
8.1284, 30
8.1306, 21
8.1328, 23
8.1350, 25
8.1383, 27
8.1406, 29
8.1435, 31
8.1465, 33
8.1493, 23
8.1517, 25
8.1549, 27
8.1578, 29
8.1620, 31
8.1632, 32
8.1664, 34
8.1690, 36
8.1717, 33
8.1747, 35
8.1773, 37
8.1799, 35
8.1827, 37
8.1855, 39
8.1889, 34
8.1944, 35
8.1953, 37
8.2000, 38
8.2018, 37
8.2062, 37
8.2106, 37
8.2146, 38
8.2189, 39
8.2232, 39
8.2277, 37
8.2321, 37
8.2364, 37
8.2408, 39
8.2452, 40
8.2496, 40
8.2540, 41
8.2584, 41
8.2622, 41
8.2658, 41
8.2697, 41
8.2741, 41
8.2787, 41
8.2833, 41
8.2876, 42
8.2920, 42
8.2964, 41
8.3007, 40
8.3052, 39
8.3095, 39
8.3139, 39
8.3183, 39
8.3226, 39
8.3269, 39
8.3313, 39
8.3357, 38
8.3400, 39
8.3444, 39
8.3488, 39
8.3531, 35
8.3575, 35
8.3619, 37
8.3662, 39
8.3706, 39
8.3749, 40
8.3792, 39
8.3836, 41
8.3880, 41
8.3924, 41
8.3967, 42
8.4010, 41
8.4054, 41
8.4097, 41
8.4140, 42
8.4184, 42
8.4228, 43
8.4272, 43
8.4316, 43
8.4360, 43
8.4407, 44
8.4451, 45
8.4489, 45
8.4526, 45
8.4560, 45
8.4590, 47
8.4619, 47
8.4650, 47
8.4686, 47
8.4730, 49
8.4768, 45
8.4811, 45
8.4853, 45
8.4892, 45
8.4945, 45
8.4988, 45
8.5022, 43
8.5072, 43
8.5113, 45
8.5163, 45
8.5179, 45
8.5237, 44
8.5281, 45
8.5325, 45
8.5365, 45
8.5400, 45
8.5443, 47
8.5478, 49
8.5514, 49
8.5556, 51
8.5591, 53
8.5630, 55
8.5677, 57
8.5719, 57
8.5767, 59
8.5807, 57
8.5848, 58
8.5882, 54
8.5923, 55
8.5965, 55
8.6007, 55
8.6044, 56
8.6082, 57
8.6121, 57
8.6153, 52
8.6178, 51
8.6222, 51
8.6265, 41
8.6300, 42
8.6334, 44
8.6362, 46
8.6379, 48
8.6419, 50
8.6463, 52
8.6506, 53
8.6550, 52
8.6589, 53
8.6633, 52
8.6676, 54
8.6720, 54
8.6764, 51
8.6808, 49
8.6851, 47
8.6895, 46
8.6941, 45
8.6984, 43
8.7027, 41
8.7071, 39
8.7114, 37
8.7157, 35
8.7201, 33
8.7244, 33
8.7286, 31
8.7329, 30
8.7372, 29
8.7416, 27
8.7458, 25
8.7501, 24
8.7544, 22
8.7586, 21
8.7629, 19
8.7672, 17
8.7714, 15
8.7758, 14
8.7800, 12
8.7843, 10
8.7892, 8
8.7925, 6
8.7965, 4
8.7988, 1
8.8026, 0
8.8067, 0
8.8112, 0
8.8150, 0
8.8180, 0
8.8223, 0
8.8279, 0
8.8304, 0
8.8323, 1
8.8351, 3
8.8379, 3
8.8409, 5
8.8445, 7
8.8472, 7
8.8501, 9
8.8532, 11
8.8576, 11
8.8603, 13
8.8631, 15
8.8658, 15
8.8683, 17
8.8709, 19
8.8741, 19
8.8770, 21
8.8800, 23
8.8832, 23
8.8863, 25
8.8891, 27
8.8923, 27
8.8954, 29
8.8980, 30
8.9014, 31
8.9045, 33
8.9069, 33
8.9102, 35
8.9139, 36
8.9169, 37
8.9202, 39
8.9319, 39
8.9341, 41
8.9368, 43
8.9389, 43
8.9412, 43
8.9444, 45
8.9469, 43
8.9498, 44
8.9525, 45
8.9549, 47
8.9579, 49
8.9609, 49
8.9641, 49
8.9672, 46
8.9698, 40
8.9725, 38
8.9748, 36
8.9782, 35
8.9814, 34
8.9841, 33
8.9879, 32
8.9912, 32
8.9943, 23
8.9986, 21
9.0019, 20
9.0063, 17
9.0112, 15
9.0156, 13
9.0200, 10
9.0251, 5
9.0283, 3
9.0306, 0
9.0334, 2
9.0378, 4
9.0409, 5
9.0441, 5
9.0471, 7
9.0501, 7
9.0533, 7
9.0562, 7
9.0596, 7
9.0624, 8
9.0659, 8
9.0688, 9
9.0720, 11
9.0752, 9
9.0780, 11
9.0811, 13
9.0843, 8
9.0875, 3
9.0909, 1
9.0938, 0
9.0972, 0
9.1002, 0
9.1033, 0
9.1062, 0
9.1092, 1
9.1127, 3
9.1154, 3
9.1188, 5
9.1228, 6
9.1256, 7
9.1289, 9
9.1321, 10
9.1348, 11
9.1395, 13
9.1434, 15
9.1475, 17
9.1485, 19
9.1543, 19
9.1582, 21
9.1624, 23
9.1666, 23
9.1708, 25
9.1749, 26
9.1786, 27
9.1832, 29
9.1873, 30
9.1921, 31
9.1962, 33
9.2002, 34
9.2048, 35
9.2083, 37
9.2124, 37
9.2170, 39
9.2211, 41
9.2261, 41
9.2297, 43
9.2341, 44
9.2379, 45
9.2415, 47
9.2459, 47
9.2502, 48
9.2541, 48
9.2591, 45
9.2641, 45
9.2689, 45
9.2738, 45
9.2794, 45
9.2832, 45
9.2877, 42
9.2946, 40
9.2981, 37
9.3012, 35
9.3021, 33
9.3030, 31
9.3081, 29
9.3119, 27
9.3148, 23
9.3175, 21
9.3208, 19
9.3242, 15
9.3274, 13
9.3306, 10
9.3336, 9
9.3367, 7
9.3397, 7
9.3431, 5
9.3459, 5
9.3484, 3
9.3514, 1
9.3544, 1
9.3574, 1
9.3603, 1
9.3633, 3
9.3662, 3
9.3693, 3
9.3723, 4
9.3754, 5
9.3782, 0
9.3814, 1
9.3843, 1
9.3873, 3
9.3903, 3
9.3932, 3
9.3963, 5
9.3990, 5
9.4020, 0
9.4049, 0
9.4079, 0
9.4109, 0
9.4140, 0
9.4169, 0
9.4198, 0
9.4227, 0
9.4256, 0
9.4285, 1
9.4312, 1
9.4344, 1
9.4373, 0
9.4404, 0
9.4432, 0
9.4464, 1
9.4493, 1
9.4522, 1
9.4549, 1
9.4581, 2
9.4610, 2
9.4641, 3
9.4670, 3
9.4698, 1
9.4728, 0
9.4758, 0
9.4787, 0
9.4817, 0
9.4849, 0
9.4878, 0
9.4907, 0
9.4934, 0
9.4965, 0
9.4993, 0
9.5019, 2
9.5049, 4
9.5084, 6
9.5114, 8
9.5145, 10
9.5175, 12
9.5204, 13
9.5233, 14
9.5258, 16
9.5287, 17
9.5314, 18
9.5338, 19
9.5367, 20
9.5396, 21
9.5426, 20
9.5455, 16
9.5485, 18
9.5511, 20
9.5541, 21
9.5570, 22
9.5599, 22
9.5629, 22
9.5657, 23
9.5686, 23
9.5705, 24
9.5744, 25
9.5786, 25
9.5826, 25
9.5865, 25
9.5907, 26
9.5937, 27
9.5969, 27
9.6001, 27
9.6031, 27
9.6063, 27
9.6096, 27
9.6131, 28
9.6158, 29
9.6191, 29
9.6220, 27
9.6260, 26
9.6293, 26
9.6328, 27
9.6355, 28
9.6382, 28
9.6407, 29
9.6439, 29
9.6469, 31
9.6507, 31
9.6547, 32
9.6584, 33
9.6612, 33
9.6642, 34
9.6670, 34
9.6697, 35
9.6726, 35
9.6755, 36
9.6785, 37
9.6809, 38
9.6845, 39
9.6875, 40
9.6905, 40
9.6927, 41
9.6948, 41
9.6986, 42
9.7031, 43
9.7055, 43
9.7089, 44
9.7119, 46
9.7149, 46
9.7179, 47
9.7208, 48
9.7248, 48
9.7287, 49
9.7329, 50
9.7347, 50
9.7390, 50
9.7423, 50
9.7450, 49
9.7470, 49
9.7509, 50
9.7568, 49
9.7595, 49
9.7614, 49
9.7626, 49
9.7645, 50
9.7672, 50
9.7699, 49
9.7726, 45
9.7753, 45
9.7786, 47
9.7819, 47
9.7851, 49
9.7874, 49
9.7904, 51
9.7930, 53
9.7963, 53
9.7996, 55
9.8023, 55
9.8055, 57
9.8092, 57
9.8116, 58
9.8161, 61
9.8186, 62
9.8225, 63
9.8263, 58
9.8288, 57
9.8318, 56
9.8347, 54
9.8377, 52
9.8407, 51
9.8438, 50
9.8470, 48
9.8513, 46
9.8542, 45
9.8573, 43
9.8604, 42
9.8635, 40
9.8667, 39
9.8698, 37
9.8729, 37
9.8761, 37
9.8792, 38
9.8820, 40
9.8847, 42
9.8875, 42
9.8902, 43
9.8929, 45
9.8956, 45
9.8983, 47
9.9011, 48
9.9038, 50
9.9065, 51
9.9103, 52
9.9146, 54
9.9177, 56
9.9214, 56
9.9232, 58
9.9267, 59
9.9302, 60
9.9325, 62
9.9357, 63
9.9415, 63
9.9435, 63
9.9446, 63
9.9498, 63
9.9521, 63
9.9533, 63
9.9550, 62
9.9584, 63
9.9608, 63
9.9637, 61
9.9665, 59
9.9693, 58
9.9720, 57
9.9750, 55
9.9776, 53
9.9810, 52
9.9842, 51
9.9874, 49
9.9918, 47
9.9927, 46
9.9983, 45
9.9991, 43
10.0045, 40
10.0061, 40
10.0089, 40
10.0122, 41
10.0174, 42
10.0213, 43
10.0255, 45
10.0291, 46
10.0327, 48
10.0336, 49
10.0361, 49
10.0392, 51
10.0420, 53
10.0484, 54
10.0505, 55
10.0518, 57
10.0544, 58
10.0574, 59
10.0603, 61
10.0633, 63
10.0655, 63
10.0677, 63
10.0699, 63
10.0730, 62
10.0757, 63
10.0794, 63
10.0816, 62
10.0846, 62
10.0874, 63
10.0905, 63
10.0941, 63
10.0963, 62
10.0999, 63
10.1029, 63
10.1051, 62
10.1081, 61
10.1111, 58
10.1143, 52
10.1168, 52
10.1199, 54
10.1226, 56
10.1258, 56
10.1278, 56
10.1320, 56
10.2032, 56
10.2049, 57
10.2060, 57
10.2082, 58
10.2106, 60
10.2116, 62
10.2139, 62
10.2148, 63
10.2171, 63
10.2181, 63
10.2203, 63
10.2213, 63
10.2229, 62
10.2245, 63
10.2255, 62
10.2278, 63
10.2287, 63
10.2311, 63
10.2320, 63
10.2344, 62
10.2353, 62
10.2368, 60
10.2380, 60
10.2391, 59
10.2403, 58
10.2415, 57
10.2426, 56
10.2439, 55
10.2453, 53
10.2467, 53
10.2480, 51
10.2492, 50
10.2505, 49
10.2519, 49
10.2532, 47
10.2546, 47
10.2559, 46
10.2573, 46
10.2586, 45
10.2600, 44
10.2613, 43
10.2626, 41
10.2640, 40
10.2660, 39
10.2689, 38
10.2716, 37
10.2744, 35
10.2773, 35
10.2803, 33
10.2830, 33
10.2859, 31
10.2889, 31
10.2916, 31
10.2945, 31
10.2979, 31
10.3006, 29
10.3038, 23
10.3065, 18
10.3096, 17
10.3133, 15
10.3163, 12
10.3207, 12
10.3237, 11
10.3271, 9
10.3306, 6
10.3329, 3
10.3364, 2
10.3398, 1
10.3425, 0
10.3452, 0
10.3481, 0
10.3508, 0
10.3540, 0
10.3569, 0
10.3594, 0
10.3625, 0
10.3653, 2
10.3685, 4
10.3714, 6
10.3742, 8
10.3773, 10
10.3804, 3
10.3832, 5
10.3861, 7
10.3889, 9
10.3918, 11
10.3950, 13
10.3977, 15
10.4006, 17
10.4037, 10
10.4066, 12
10.4093, 14
10.4124, 16
10.4155, 18
10.4184, 20
10.4212, 22
10.4243, 23
10.4270, 23
10.4301, 25
10.4331, 24
10.4360, 20
10.4391, 15
10.4419, 13
10.4449, 9
10.4479, 6
10.4508, 3
10.4538, 3
10.4568, 3
10.4597, 3
10.4627, 4
10.4663, 5
10.4697, 5
10.4734, 5
10.4774, 6
10.4806, 7
10.4837, 7
10.4868, 7
10.4900, 9
10.4929, 9
10.4972, 9
10.4992, 9
10.5030, 10
10.5058, 11
10.5094, 11
10.5137, 11
10.5168, 13
10.5201, 13
10.5232, 13
10.5263, 14
10.5299, 15
10.5331, 15
10.5365, 15
10.5401, 17
10.5439, 17
10.5473, 17
10.5497, 19
10.5535, 19
10.5572, 19
10.5608, 20
10.5643, 21
10.5689, 21
10.5724, 22
10.5753, 23
10.5772, 23
10.5816, 23
10.5861, 24
10.5898, 25
10.5933, 26
10.5967, 27
10.5998, 29
10.6027, 29
10.6063, 29
10.6095, 29
10.6137, 27
10.6173, 27
10.6204, 26
10.6246, 25
10.6282, 23
10.6327, 21
10.6360, 21
10.6390, 21
10.6421, 21
10.6450, 21
10.6490, 18
10.6514, 17
10.6544, 15
10.6575, 13
10.6607, 11
10.6641, 10
10.6670, 7
10.6702, 5
10.6731, 3
10.6758, 1
10.6787, 0
10.6814, 0
10.6845, 0
10.6878, 0
10.6912, 0
10.6964, 0
10.6991, 0
10.7019, 0
10.7056, 0
10.7095, 0
10.7144, 0
10.7174, 0
10.7197, 0
10.7234, 0
10.7261, 0
10.7292, 0
10.7321, 0
10.7351, 0
10.7380, 0
10.7407, 0
10.7419, 0
10.7460, 0
10.7478, 0
10.7544, 1
10.7573, 1
10.7601, 1
10.7629, 2
10.7642, 3
10.7679, 4
10.7712, 5
10.7738, 7
10.7776, 7
10.7798, 9
10.7829, 9
10.7864, 11
10.7902, 12
10.7926, 13
10.7952, 15
10.7996, 15
10.8022, 17
10.8050, 17
10.8076, 18
10.8102, 20
10.8177, 19
10.8188, 21
10.8198, 21
10.8217, 23
10.8239, 21
10.8263, 23
10.8286, 25
10.8315, 27
10.8335, 22
10.8358, 24
10.8376, 25
10.8394, 26
10.8435, 24
10.8454, 26
10.8473, 28
10.8523, 28
10.8532, 30
10.8606, 30
10.8658, 32
10.8694, 32
10.8725, 34
10.8760, 34
10.8794, 36
10.8805, 33
10.8815, 34
10.8831, 31
10.8867, 32
10.8885, 32
10.8931, 30
10.8963, 30
10.8996, 29
10.9029, 28
10.9066, 29
10.9095, 29
10.9121, 27
10.9139, 26
10.9154, 27
10.9178, 26
10.9209, 25
10.9242, 25
10.9286, 25
10.9294, 24
10.9355, 21
10.9400, 23
10.9433, 23
10.9488, 21
10.9527, 20
10.9573, 18
10.9611, 16
10.9629, 15
10.9638, 13
10.9648, 11
10.9657, 10
10.9665, 9
10.9673, 3
10.9726, 4
10.9737, 5
10.9779, 5
10.9788, 7
10.9836, 7
10.9879, 9
10.9889, 9
10.9933, 11
10.9958, 11
10.9988, 13
11.0016, 14
11.0050, 17
11.0083, 18
11.0120, 13
11.0153, 10
11.0196, 8
11.0231, 6
11.0274, 8
11.0311, 6
11.0343, 5
11.0386, 0
11.0415, 0
11.0454, 0
11.0489, 0
11.0528, 0
11.0564, 0
11.0604, 1
11.0642, 0
11.0684, 1
11.0719, 0
11.0758, 0
11.0799, 0
11.0832, 0
11.0867, 0
11.0898, 0
11.0930, 0
11.0962, 0
11.0993, 1
11.1021, 0
11.1076, 0
11.1087, 1
11.1111, 1
11.1143, 1
11.1184, 1
11.1209, 3
11.1233, 5
11.1264, 7
11.1294, 9
11.1324, 11
11.1356, 5
11.1386, 7
11.1417, 8
11.1447, 8
11.1478, 9
11.1508, 11
11.1539, 12
11.1569, 9
11.1600, 11
11.1630, 11
11.1661, 9
11.1693, 11
11.1722, 11
11.1761, 11
11.1803, 11
11.1848, 12
11.1882, 13
11.1917, 15
11.1961, 13
11.1998, 13
11.2047, 14
11.2078, 13
11.2099, 14
11.2129, 15
11.2158, 15
11.2189, 16
11.2227, 17
11.2259, 18
11.2290, 19
11.2322, 21
11.2362, 19
11.2388, 18
11.2416, 18
11.2441, 17
11.2469, 17
11.2498, 15
11.2531, 15
11.2557, 14
11.2588, 13
11.2620, 13
11.2649, 13
11.2680, 12
11.2704, 11
11.2740, 11
11.2768, 13
11.2804, 13
11.2835, 15
11.2866, 15
11.2899, 16
11.2930, 17
11.2964, 17
11.2993, 17
11.3026, 17
11.3060, 18
11.3093, 19
11.3126, 20
11.3154, 21
11.3188, 21
11.3247, 21
11.3257, 21
11.3291, 21
11.3326, 21
11.3357, 20
11.3390, 21
11.3423, 21
11.3457, 21
11.3492, 23
11.3525, 23
11.3559, 23
11.3593, 23
11.3627, 23
11.3661, 23
11.3694, 23
11.3729, 23
11.3762, 23
11.3797, 23
11.3834, 23
11.3863, 23
11.3903, 21
11.3945, 21
11.3973, 20
11.4003, 19
11.4041, 19
11.4093, 18
11.4104, 17
11.4161, 17
11.4199, 16
11.4227, 15
11.4257, 15
11.4292, 14
11.4355, 13
11.4392, 13
11.4426, 12
11.4486, 11
11.4526, 11
11.4564, 11
11.4598, 12
11.4633, 13
11.4672, 11
11.4707, 11
11.4741, 11
11.4775, 11
11.4808, 10
11.4841, 11
11.4874, 11
11.4908, 13
11.4921, 15
11.4928, 17
11.4936, 16
11.4985, 17
11.5016, 18
11.5064, 17
11.5107, 18
11.5143, 17
11.5197, 18
11.5239, 18
11.5285, 19
11.5398, 21
11.5443, 22
11.5486, 19
11.5512, 20
11.5559, 19
11.5587, 21
11.5615, 20
11.5657, 22
11.5687, 20
11.5714, 22
11.5758, 25
11.5792, 26
11.5829, 27
11.5861, 27
11.5886, 28
11.5903, 28
11.5930, 29
11.5956, 29
11.5983, 30
11.6024, 32
11.6048, 32
11.6078, 34
11.6108, 34
11.6138, 35
11.6167, 36
11.6197, 37
11.6219, 39
11.6242, 38
11.6265, 38
11.6298, 39
11.6330, 40
11.6356, 38
11.6377, 40
11.6411, 41
11.6440, 40
11.6467, 41
11.6502, 43
11.6529, 45
11.6558, 47
11.6586, 42
11.6613, 43
11.6641, 45
11.6670, 44
11.6699, 45
11.6727, 40
11.6757, 39
11.6783, 41
11.6812, 40
11.6833, 40
11.6870, 42
11.6903, 42
11.6929, 43
11.6955, 44
11.6980, 44
11.7006, 44
11.7031, 44
11.7059, 45
11.7084, 47
11.7109, 46
11.7129, 45
11.7162, 45
11.7188, 44
11.7214, 42
11.7233, 41
11.7256, 39
11.7279, 39
11.7302, 37
11.7327, 37
11.7349, 35
11.7373, 34
11.7404, 32
11.7434, 31
11.7464, 28
11.7494, 27
11.7525, 26
11.7555, 25
11.7585, 25
11.7615, 24
11.7646, 25
11.7675, 25
11.7705, 23
11.7735, 22
11.7766, 23
11.7796, 21
11.7826, 20
11.7856, 19
11.7886, 19
11.7916, 17
11.7945, 17
11.7975, 15
11.8005, 14
11.8036, 11
11.8065, 13
11.8094, 9
11.8124, 10
11.8154, 9
11.8185, 8
11.8215, 9
11.8246, 7
11.8277, 7
11.8306, 8
11.8336, 7
11.8367, 8
11.8397, 9
11.8422, 9
11.8446, 10
11.8470, 11
11.8492, 11
11.8514, 9
11.8535, 7
11.8557, 5
11.8579, 5
11.8603, 4
11.8625, 2
11.8650, 2
11.8679, 1
11.8707, 1
11.8727, 1
11.8775, 1
11.8797, 2
11.8824, 3
11.8849, 3
11.8876, 4
11.8900, 5
11.8927, 5
11.8953, 5
11.8979, 6
11.9004, 7
11.9030, 7
11.9057, 8
11.9084, 9
11.9111, 11
11.9136, 13
11.9161, 15
11.9186, 15
11.9212, 17
11.9237, 19
11.9264, 19
11.9290, 19
11.9317, 21
11.9343, 23
11.9369, 25
11.9394, 27
11.9414, 29
11.9439, 31
11.9462, 33
11.9518, 35
11.9547, 37
11.9569, 38
11.9592, 35
11.9616, 36
11.9639, 37
11.9662, 37
11.9684, 37
11.9707, 38
11.9730, 39
11.9762, 39
11.9777, 41
11.9799, 43
11.9820, 45
11.9841, 47
11.9863, 48
11.9906, 49
11.9923, 49
11.9942, 50
11.9965, 51
11.9988, 53
12.0011, 55
12.0034, 57
12.0057, 59
12.0080, 59
12.0103, 61
12.0127, 62
12.0149, 63
12.0167, 63
12.0189, 62
12.0211, 63
12.0251, 63
12.0272, 63
12.0295, 62
12.0325, 63
12.0348, 62
12.0365, 62
12.0394, 61
12.0428, 61
12.0454, 61
12.0483, 63
12.0508, 62
12.0552, 61
12.0571, 61
12.0595, 61
12.0618, 61
12.0641, 61
12.0665, 61
12.0689, 61
12.0706, 63
12.0728, 60
12.0751, 58
12.0777, 55
12.0797, 51
12.0821, 44
12.0839, 39
12.0870, 34
12.0894, 33
12.0916, 31
12.0942, 30
12.0968, 29
12.0994, 27
12.1018, 26
12.1041, 24
12.1064, 20
12.1087, 21
12.1110, 19
12.1134, 16
12.1157, 14
12.1180, 13
12.1211, 14
12.1242, 15
12.1283, 15
12.1314, 17
12.1346, 17
12.1373, 18
12.1402, 19
12.1435, 19
12.1463, 14
12.1496, 15
12.1547, 15
12.1584, 17
12.1622, 17
12.1638, 17
12.1672, 17
12.1698, 17
12.1731, 17
12.1759, 18
12.1789, 17
12.1820, 18
12.1842, 19
12.1879, 20
12.1900, 21
12.1936, 22
12.1962, 23
12.1991, 24
12.2021, 25
12.2049, 27
12.2071, 26
12.2101, 28
12.2144, 28
12.2159, 29
12.2178, 30
12.2207, 30
12.2233, 32
12.2264, 32
12.2288, 34
12.2313, 34
12.2339, 36
12.2368, 36
12.2397, 37
12.2429, 38
12.2454, 39
12.2494, 40
12.2514, 41
12.2539, 42
12.2563, 43
12.2588, 44
12.2633, 45
12.2645, 46
12.2667, 47
12.2691, 48
12.2715, 49
12.2738, 50
12.2761, 51
12.2783, 52
12.2806, 54
12.2832, 54
12.2853, 56
12.2877, 57
12.2900, 58
12.2927, 59
12.2949, 61
12.2973, 62
12.2998, 63
12.3026, 63
12.3047, 63
12.3066, 63
12.3107, 63
12.3124, 63
12.3172, 63
12.3203, 63
12.3220, 63
12.3245, 62
12.3267, 49
12.3295, 45
12.3341, 44
12.3351, 42
12.3381, 39
12.3424, 38
12.3434, 36
12.3455, 33
12.3487, 31
12.3519, 30
12.3552, 28
12.3585, 26
12.3617, 25
12.3655, 23
12.3680, 21
12.3711, 18
12.3741, 16
12.3773, 15
12.3804, 13
12.3835, 11
12.3866, 9
12.3897, 7
12.3927, 4
12.3959, 3
12.3989, 1
12.4020, 0
12.4051, 0
12.4082, 2
12.4113, 4
12.4144, 6
12.4176, 8
12.4228, 10
12.4250, 11
12.4273, 13
12.4314, 15
12.4345, 17
12.4379, 19
12.4419, 21
12.4462, 21
12.4503, 19
12.4546, 17
12.4587, 16
12.4629, 15
12.4664, 13
12.4695, 12
12.4727, 11
12.4761, 9
12.4798, 7
12.4842, 6
12.4870, 3
12.4892, 2
12.4923, 1
12.4954, 0
12.4988, 0
12.5018, 0
12.5048, 0
12.5079, 0
12.5110, 0
12.5138, 0
12.5169, 0
12.5193, 0
12.5220, 0
12.5263, 0
12.5283, 0
12.5317, 0
12.5345, 0
12.5370, 0
12.5394, 0
12.5430, 0
12.5455, 0
12.5486, 0
12.5517, 0
12.5547, 0
12.5573, 0
12.5594, 0
12.5629, 0
12.5656, 0
12.5691, 0
12.5770, 0
12.5775, 0
12.5798, 0
12.5834, 0
12.5861, 0
12.5883, 0
12.5907, 0
12.5931, 0
12.5955, 0
12.5979, 0
12.6010, 0
12.6029, 0
12.6053, 0
12.6077, 0
12.6101, 0
12.6125, 0
12.6150, 1
12.6174, 1
12.6199, 1
12.6225, 1
12.6248, 1
12.6277, 2
12.6301, 2
12.6326, 3
12.6346, 3
12.6372, 3
12.6400, 4
12.6420, 3
12.6447, 3
12.6470, 3
12.6494, 0
12.6519, 0
12.6546, 0
12.6571, 0
12.6596, 0
12.6620, 0
12.6644, 0
12.6668, 0
12.6687, 0
12.6707, 0
12.6737, 0
12.6767, 0
12.6787, 0
12.6809, 0
12.6834, 0
12.6860, 0
12.6891, 0
12.6912, 0
12.6947, 0
12.6966, 0
12.6992, 0
12.7012, 0
12.7042, 0
12.7068, 0
12.7107, 0
12.7123, 0
12.7145, 0
12.7178, 1
12.7219, 1
12.7231, 1
12.7271, 1
12.7286, 1
12.7304, 1
12.7329, 0
12.7351, 1
12.7375, 1
12.7398, 1
12.7426, 1
12.7451, 1
12.7473, 1
12.7500, 1
12.7523, 0
12.7549, 0
12.7572, 0
12.7591, 0
12.7620, 0
12.7643, 0
12.7666, 0
12.7698, 0
12.7724, 0
12.7752, 0
12.7789, 0
12.7803, 0
12.7812, 0
12.7837, 0
12.7862, 0
12.7886, 0
12.7911, 0
12.7936, 0
12.7960, 0
12.7985, 0
12.8017, 1
12.8042, 3
12.8064, 5
12.8093, 5
12.8115, 6
12.8140, 7
12.8163, 9
12.8182, 10
12.8207, 11
12.8231, 12
12.8256, 13
12.8280, 14
12.8305, 15
12.8330, 16
12.8355, 17
12.8379, 19
12.8404, 19
12.8429, 21
12.8453, 22
12.8478, 23
12.8503, 23
12.8527, 25
12.8551, 25
12.8576, 27
12.8601, 27
12.8625, 29
12.8649, 30
12.8674, 31
12.8698, 31
12.8723, 31
12.8748, 31
12.8773, 31
12.8797, 30
12.8823, 26
12.8848, 22
12.8873, 21
12.8897, 20
12.8930, 21
12.8946, 21
12.8971, 20
12.8996, 19
12.9020, 21
12.9045, 23
12.9069, 23
12.9094, 23
12.9119, 25
12.9143, 23
12.9168, 25
12.9195, 25
12.9218, 27
12.9242, 27
12.9267, 29
12.9293, 27
12.9316, 27
12.9341, 27
12.9365, 27
12.9390, 29
12.9413, 26
12.9446, 28
12.9545, 29
12.9578, 30
12.9611, 30
12.9652, 31
12.9682, 27
12.9711, 29
12.9740, 29
12.9772, 19
12.9808, 19
12.9843, 18
12.9875, 15
12.9907, 17
12.9945, 18
12.9981, 19
13.0009, 13
13.0040, 12
13.0072, 9
13.0105, 10
13.0138, 11
13.0171, 12
13.0202, 13
13.0231, 15
13.0262, 17
13.0292, 19
13.0318, 21
13.0349, 21
13.0381, 23
13.0413, 25
13.0445, 25
13.0478, 25
13.0510, 27
13.0543, 27
13.0574, 27
13.0606, 27
13.0638, 22
13.0670, 21
13.0702, 22
13.0734, 7
13.0766, 9
13.0798, 9
13.0829, 10
13.0862, 11
13.0894, 11
13.0925, 11
13.0957, 11
13.0988, 12
13.1021, 11
13.1053, 3
13.1086, 0
13.1129, 0
13.1173, 0
13.1216, 0
13.1258, 0
13.1299, 0
13.1339, 1
13.1380, 0
13.1423, 0
13.1464, 0
13.1505, 0
13.1547, 0
13.1582, 0
13.1607, 0
13.1633, 0
13.1669, 0
13.1694, 0
13.1727, 0
13.1749, 0
13.1778, 0
13.1815, 0
13.1844, 0
13.1874, 0
13.1905, 1
13.1936, 0
13.1967, 1
13.1999, 1
13.2021, 1
13.2065, 1
13.2096, 1
13.2126, 1
13.2156, 1
13.2190, 1
13.2207, 1
13.2237, 1
13.2267, 2
13.2299, 4
13.2329, 6
13.2360, 8
13.2390, 4
13.2423, 3
13.2453, 1
13.2483, 1
13.2514, 1
13.2544, 2
13.2575, 3
13.2606, 3
13.2637, 3
13.2667, 3
13.2697, 3
13.2729, 3
13.2760, 3
13.2790, 3
13.2821, 3
13.2852, 3
13.2885, 3
13.2916, 3
13.2941, 3
13.2966, 3
13.2987, 3
13.3011, 4
13.3032, 4
13.3054, 5
13.3075, 5
13.3095, 5
13.3142, 5
13.3178, 6
13.3208, 6
13.3238, 7
13.3265, 7
13.3296, 7
13.3327, 7
13.3361, 7
13.3386, 7
13.3414, 8
13.3443, 8
13.3470, 9
13.3495, 9
13.3526, 9
13.3554, 9
13.3585, 9
13.3609, 9
13.3638, 7
13.3667, 5
13.3690, 1
13.3730, 0
13.3761, 0
13.3790, 0
13.3818, 0
13.3848, 0
13.3879, 2
13.3910, 4
13.3948, 5
13.3972, 6
13.4006, 1
13.4036, 1
13.4072, 0
13.4098, 0
13.4141, 0
13.4184, 0
13.4222, 0
13.4266, 1
13.4309, 0
13.4354, 0
13.4403, 1
13.4450, 3
13.4496, 5
13.4531, 7
13.4563, 9
13.4597, 11
13.4623, 13
13.4663, 15
13.4689, 17
13.4719, 19
13.4758, 19
13.4782, 20
13.4807, 21
13.4830, 21
13.4858, 23
13.4887, 23
13.4914, 23
13.4946, 23
13.4971, 23
13.4999, 23
13.5025, 19
13.5053, 19
13.5083, 19
13.5106, 19
13.5146, 20
13.5173, 20
13.5199, 21
13.5231, 21
13.5271, 21
13.5301, 23
13.5331, 24
13.5396, 25
13.5419, 25
13.5429, 25
13.5460, 25
13.5486, 25
13.5514, 25
13.5562, 25
13.5583, 25
13.5615, 25
13.5643, 25
13.5675, 25
13.5728, 25
13.5747, 26
13.5773, 27
13.5792, 27
13.5821, 27
13.5855, 27
13.5886, 28
13.5917, 29
13.5955, 29
13.5981, 29
13.6011, 29
13.6042, 30
13.6074, 31
13.6105, 31
13.6137, 31
13.6171, 31
13.6203, 32
13.6236, 33
13.6264, 32
13.6297, 33
13.6328, 29
13.6355, 30
13.6388, 30
13.6420, 30
13.6451, 30
13.6487, 30
13.6518, 30
13.6543, 30
13.6579, 30
13.6610, 30
13.6641, 31
13.6673, 31
13.6703, 31
13.6735, 31
13.6767, 32
13.6797, 33
13.6828, 33
13.6852, 33
13.6883, 33
13.6903, 33
13.6922, 33
13.6957, 33
13.6984, 34
13.7015, 35
13.7042, 35
13.7066, 35
13.7091, 35
13.7115, 37
13.7139, 39
13.7167, 40
13.7188, 41
13.7211, 43
13.7236, 43
13.7258, 44
13.7283, 43
13.7307, 42
13.7330, 41
13.7359, 41
13.7374, 41
13.7398, 40
13.7421, 39
13.7466, 39
13.7484, 40
13.7505, 41
13.7524, 40
13.7555, 39
13.7581, 39
13.7606, 39
13.7629, 39
13.7652, 37
13.7680, 23
13.7705, 22
13.7722, 20
13.7744, 18
13.7772, 14
13.7807, 13
13.7827, 11
13.7849, 9
13.7877, 7
13.7903, 3
13.7921, 4
13.7941, 8
13.7974, 2
13.7994, 2
13.8017, 1
13.8045, 1
13.8068, 1
13.8091, 1
13.8114, 0
13.8140, 0
13.8164, 0
13.8188, 0
13.8213, 0
13.8237, 0
13.8262, 1
13.8293, 1
13.8315, 0
13.8338, 0
13.8358, 0
13.8384, 0
13.8406, 0
13.8430, 0
13.8448, 0
13.8493, 0
13.8511, 0
13.8539, 0
13.8588, 0
13.8599, 0
13.8618, 0
13.8646, 0
13.8667, 0
13.8691, 0
13.8716, 0
13.8736, 0
13.8763, 0
13.8787, 0
13.8811, 1
13.8838, 1
13.8860, 2
13.8884, 3
13.8909, 3
13.8934, 3
13.8957, 4
13.8983, 5
13.9007, 5
13.9032, 7
13.9057, 7
13.9082, 8
13.9106, 9
13.9136, 9
13.9155, 7
13.9180, 5
13.9213, 4
13.9246, 5
13.9279, 6
13.9311, 7
13.9344, 9
13.9377, 9
13.9410, 11
13.9436, 11
13.9476, 13
13.9502, 14
13.9534, 15
13.9574, 17
13.9607, 18
13.9633, 18
13.9673, 21
13.9707, 21
13.9740, 23
13.9773, 24
13.9806, 25
13.9838, 27
13.9871, 27
13.9903, 29
13.9936, 30
13.9970, 31
14.0003, 31
14.0035, 32
14.0069, 32
14.0101, 31
14.0135, 31
14.0168, 32
14.0200, 31
14.0233, 31
14.0266, 32
14.0299, 31
14.0332, 32
14.0365, 32
14.0397, 32
14.0430, 32
14.0463, 33
14.0495, 33
14.0528, 33
14.0561, 33
14.0594, 33
14.0627, 33
14.0661, 34
14.0694, 34
14.0727, 33
14.0761, 32
14.0794, 26
14.0826, 25
14.0859, 7
14.0892, 9
14.0925, 8
14.0958, 8
14.0990, 8
14.1023, 5
14.1056, 2
14.1089, 0
14.1149, 0
14.1183, 0
14.1216, 0
14.1248, 0
14.1281, 0
14.1314, 0
14.1347, 0
14.1380, 0
14.1413, 0
14.1446, 0
14.1479, 0
14.1512, 0
14.1544, 0
14.1577, 0
14.1610, 0
14.1643, 0
14.1676, 0
14.1708, 0
14.1746, 0
14.1775, 0
14.1805, 0
14.1845, 0
14.1884, 0
14.1902, 0
14.1925, 0
14.1958, 0
14.1988, 0
14.2018, 0
14.2061, 0
14.2107, 0
14.2150, 0
14.2191, 0
14.2228, 0
14.2270, 0
14.2313, 1
14.2360, 2
14.2400, 3
14.2441, 3
14.2482, 5
14.2524, 5
14.2566, 6
14.2608, 7
14.2650, 7
14.2693, 8
14.2735, 9
14.2779, 9
14.2821, 9
14.2863, 10
14.2897, 10
14.2943, 11
14.2966, 11
14.3005, 13
14.3032, 12
14.3047, 11
14.3068, 11
14.3104, 12
14.3130, 13
14.3162, 12
14.3208, 15
14.3224, 15
14.3255, 14
14.3286, 15
14.3325, 18
14.3346, 17
14.3377, 17
14.3406, 18
14.3459, 19
14.3490, 18
14.3520, 18
14.3551, 20
14.3581, 21
14.3612, 22
14.3643, 21
14.3674, 23
14.3702, 24
14.3733, 11
14.3764, 12
14.3795, 13
14.3826, 13
14.3857, 14
14.3888, 15
14.3919, 16
14.3952, 17
14.3982, 17
14.4019, 18
14.4060, 19
14.4100, 20
14.4142, 21
14.4184, 21
14.4221, 23
14.4254, 23
14.4287, 24
14.4315, 25
14.4348, 25
14.4380, 27
14.4412, 27
14.4444, 27
14.4487, 29
14.4512, 29
14.4553, 30
14.4571, 31
14.4598, 31
14.4624, 32
14.4653, 33
14.4681, 33
14.4718, 34
14.4748, 35
14.4777, 35
14.4799, 34
14.4821, 36
14.4852, 36
14.4876, 37
14.4910, 38
14.4939, 39
14.4988, 36
14.4996, 38
14.5034, 38
14.5058, 40
14.5084, 41
14.5117, 42
14.5143, 43
14.5171, 44
14.5195, 45
14.5222, 46
14.5247, 48
14.5269, 48
14.5299, 49
14.5327, 50
14.5360, 50
14.5383, 51
14.5424, 52
14.5457, 52
14.5490, 52
14.5526, 53
14.5566, 54
14.5588, 55
14.5623, 56
14.5652, 57
14.5685, 58
14.5707, 59
14.5747, 59
14.5782, 60
14.5813, 61
14.5849, 62
14.5879, 63
14.5903, 62
14.5928, 63
14.5948, 63
14.6007, 63
14.6016, 63
14.6061, 63
14.6085, 63
14.6130, 62
14.6159, 63
14.6189, 62
14.6217, 63
14.6254, 63
14.6283, 63
14.6304, 63
14.6343, 62
14.6375, 62
14.6405, 62
14.6437, 62
14.6470, 61
14.6501, 61
14.6534, 61
14.6570, 61
14.6603, 62
14.6632, 62
14.6668, 62
14.6702, 62
14.6735, 62
14.6765, 59
14.6797, 55
14.6828, 52
14.6861, 47
14.6895, 47
14.6930, 47
14.6961, 47
14.7009, 47
14.7034, 47
14.7059, 47
14.7087, 47
14.7122, 47
14.7154, 47
14.7185, 47
14.7216, 47
14.7247, 47
14.7283, 47
14.7313, 47
14.7349, 47
14.7378, 47
14.7411, 47
14.7456, 49
14.7484, 51
14.7514, 52
14.7542, 54
14.7577, 56
14.7611, 58
14.7646, 60
14.7683, 61
14.7711, 62
14.7742, 63
14.7769, 62
14.7798, 63
14.7846, 63
14.7873, 63
14.7904, 63
14.7935, 63
14.7966, 63
14.7994, 63
14.8029, 63
14.8058, 63
14.8088, 63
14.8166, 63
14.8174, 63
14.8181, 63
14.8226, 60
14.8269, 61
14.8307, 58
14.8344, 57
14.8383, 57
14.8421, 55
14.8457, 47
14.8496, 44
14.8527, 44
14.8564, 41
14.8601, 41
14.8638, 40
14.8674, 37
14.8708, 36
14.8737, 37
14.8774, 36
14.8810, 36
14.8842, 34
14.8890, 35
14.8922, 35
14.8964, 37
14.9009, 37
14.9044, 37
14.9083, 39
14.9127, 41
14.9183, 42
14.9212, 43
14.9241, 45
14.9272, 47
14.9303, 48
14.9339, 49
14.9368, 51
14.9398, 53
14.9419, 55
14.9452, 55
14.9482, 51
14.9515, 51
14.9546, 51
14.9574, 51
14.9606, 51
14.9638, 52
14.9671, 53
14.9704, 49
14.9738, 49
14.9776, 47
14.9810, 46
14.9844, 46
14.9877, 47
14.9911, 46
14.9947, 47
14.9981, 44
15.0014, 44
15.0048, 44
15.0082, 44
15.0115, 44
15.0149, 43
15.0183, 39
15.0218, 33
15.0251, 25
15.0285, 23
15.0319, 25
15.0352, 27
15.0386, 29
15.0420, 31
15.0453, 25
15.0487, 23
15.0520, 23
15.0558, 21
15.0591, 19
15.0625, 17
15.0658, 15
15.0692, 15
15.0728, 14
15.0762, 13
15.0796, 12
15.0829, 11
15.0863, 9
15.0896, 8
15.0930, 6
15.0963, 7
15.0997, 9
15.1030, 11
15.1064, 13
15.1097, 15
15.1131, 17
15.1173, 19
15.1209, 21
15.1241, 23
15.1288, 25
15.1327, 27
15.1379, 29
15.1423, 16
15.1468, 16
15.1515, 15
15.1559, 15
15.1604, 14
15.1649, 14
15.1684, 13
15.1719, 13
15.1756, 13
15.1789, 12
15.1814, 12
15.1859, 11
15.1890, 10
15.1921, 9
15.1953, 7
15.1981, 7
15.2015, 7
15.2044, 7
15.2086, 5
15.2118, 4
15.2148, 3
15.2171, 2
15.2305, 1
15.2316, 0
15.2325, 0
15.2335, 0
15.2354, 0
15.2392, 0
15.2438, 0
15.2482, 0
15.2524, 0
15.2567, 0
15.2606, 0
15.2645, 0
15.2684, 0
15.2718, 0
15.2737, 0
15.2771, 0
15.2805, 0
15.2846, 0
15.2874, 1
15.2907, 0
15.2931, 0
15.2965, 0
15.2999, 0
15.3035, 0
15.3067, 0
15.3101, 0
15.3135, 0
15.3168, 0
15.3203, 0
15.3231, 0
15.3260, 0
15.3287, 0
15.3321, 0
15.3335, 0
15.3373, 0
15.3410, 0
15.3430, 0
15.3456, 1
15.3483, 1
15.3528, 1
15.3565, 1
15.3590, 1
15.3625, 2
15.3651, 2
15.3682, 3
15.3712, 3
15.3758, 3
15.3780, 3
15.3797, 4
15.3822, 6
15.3848, 7
15.3873, 8
15.3904, 10
15.3932, 11
15.3965, 13
15.3989, 0
15.4020, 0
15.4079, 0
15.4095, 0
15.4116, 0
15.4170, 3
15.4182, 4
15.4222, 6
15.4253, 8
15.4284, 9
15.4313, 11
15.4347, 12
15.4381, 13
15.4410, 14
15.4440, 16
15.4472, 15
15.4501, 16
15.4532, 17
15.4563, 17
15.4593, 18
15.4624, 19
15.4656, 19
15.4683, 20
15.4716, 21
15.4729, 22
15.4758, 23
15.4805, 23
15.4837, 25
15.4865, 25
15.4896, 26
15.4910, 27
15.4956, 27
15.4993, 29
15.5013, 29
15.5049, 30
15.5078, 31
15.5107, 31
15.5135, 33
15.5169, 33
15.5198, 34
15.5227, 35
15.5260, 35
15.5290, 36
15.5319, 37
15.5358, 37
15.5403, 38
15.5424, 39
15.5445, 39
15.5473, 40
15.5507, 41
15.5529, 41
15.5547, 41
15.5579, 43
15.5621, 43
15.5651, 43
15.5678, 44
15.5707, 45
15.5738, 45
15.5770, 46
15.5802, 47
15.5836, 47
15.5866, 47
15.5895, 48
15.5920, 49
15.5962, 49
15.5991, 51
15.6034, 51
15.6055, 51
15.6085, 52
15.6101, 53
15.6157, 53
15.6198, 53
15.6233, 54
15.6266, 55
15.6308, 55
15.6344, 57
15.6363, 59
15.6398, 59
15.6442, 61
15.6472, 62
15.6522, 63
15.6554, 63
15.6563, 63
15.6801, 62
15.6810, 63
15.6820, 63
15.6829, 62
15.6838, 63
15.6847, 63
15.6856, 62
15.6879, 63
15.6889, 63
15.6899, 63
15.6908, 63
15.6918, 62
15.6942, 60
15.6965, 58
15.7009, 56
15.7045, 54
15.7066, 52
15.7100, 49
15.7144, 48
15.7165, 48
15.7214, 48
15.7246, 48
15.7275, 50
15.7301, 49
15.7337, 50
15.7375, 50
15.7409, 51
15.7445, 51
15.7479, 52
15.7514, 52
15.7555, 53
15.7599, 53
15.7636, 54
15.7658, 54
15.7686, 55
15.7721, 55
15.7748, 56
15.7775, 53
15.7829, 50
15.7864, 48
15.7900, 47
15.7942, 46
15.7984, 45
15.8012, 43
15.8045, 45
15.8097, 47
15.8135, 47
15.8182, 49
15.8223, 49
15.8263, 50
15.8303, 51
15.8357, 51
15.8366, 53
15.8423, 54
15.8460, 55
15.8504, 56
15.8540, 57
15.8592, 57
15.8622, 59
15.8658, 59
15.8702, 60
15.8744, 61
15.8782, 63
15.8818, 63
15.8851, 63
15.8887, 62
15.8937, 63
15.8978, 63
15.9044, 62
15.9079, 62
15.9117, 63
15.9142, 63
15.9166, 63
15.9215, 63
15.9248, 62
15.9285, 62
15.9320, 52
15.9356, 54
15.9383, 55
15.9425, 57
15.9469, 59
15.9522, 57
15.9548, 59
15.9560, 59
15.9628, 57
15.9637, 54
15.9645, 56
15.9661, 57
15.9697, 57
15.9729, 57
15.9761, 57
15.9810, 58
15.9840, 58
15.9875, 58
15.9927, 59
15.9961, 61
16.0006, 62
16.0034, 63
16.0058, 60
16.0095, 61
16.0138, 63
16.0159, 62
16.0194, 63
16.0238, 52
16.0275, 52
16.0317, 53
16.0351, 51
16.0391, 51
16.0426, 53
16.0460, 51
16.0500, 51
16.0533, 49
16.0571, 50
16.0609, 49
16.0652, 51
16.0699, 52
16.0733, 47
16.0761, 47
16.0788, 47
16.0813, 45
16.0843, 45
16.0875, 45
16.0900, 45
16.0925, 44
16.0951, 44
16.0978, 45
16.1006, 47
16.1069, 48
16.1093, 49
16.1118, 49
16.1144, 37
16.1175, 37
16.1195, 39
16.1220, 38
16.1244, 37
16.1268, 35
16.1293, 37
16.1318, 37
16.1341, 38
16.1380, 38
16.1400, 40
16.1429, 42
16.1446, 43
16.1479, 46
16.1492, 47
16.1522, 45
16.1548, 46
16.1581, 48
16.1635, 53
16.1668, 38
16.1693, 39
16.1733, 39
16.1759, 40
16.1792, 42
16.1833, 44
16.1858, 45
16.1884, 44
16.1909, 30
16.1942, 32
16.1986, 33
16.2012, 34
16.2061, 24
16.2089, 26
16.2114, 28
16.2127, 30
16.2162, 32
16.2178, 32
16.2212, 32
16.2224, 30
16.2254, 30
16.2273, 28
16.2300, 28
16.2325, 27
16.2348, 26
16.2373, 25
16.2399, 24
16.2424, 22
16.2451, 23
16.2477, 21
16.2500, 0
16.2526, 0
16.2551, 0
16.2572, 0
16.2598, 0
16.2631, 0
16.2655, 0
16.2690, 0
16.2710, 0
16.2739, 0
16.2763, 0
16.2799, 3
16.2823, 3
16.2851, 3
16.2882, 5
16.2912, 5
16.2942, 7
16.2972, 9
16.3002, 9
16.3031, 11
16.3059, 12
16.3088, 13
16.3116, 13
16.3145, 15
16.3174, 15
16.3203, 15
16.3238, 17
16.3266, 17
16.3295, 17
16.3324, 19
16.3352, 19
16.3380, 19
16.3408, 19
16.3440, 20
16.3470, 21
16.3501, 22
16.3531, 23
16.3562, 22
16.3593, 23
16.3622, 24
16.3653, 23
16.3683, 23
16.3713, 21
16.3747, 21
16.3776, 20
16.3807, 19
16.3829, 17
16.3868, 11
16.3890, 4
16.3928, 0
16.3950, 0
16.3989, 0
16.4020, 0
16.4050, 0
16.4080, 1
16.4111, 2
16.4141, 0
16.4172, 0
16.4202, 0
16.4232, 0
16.4262, 0
16.4293, 0
16.4324, 0
16.4354, 0
16.4385, 0
16.4416, 1
16.4446, 1
16.4502, 0
16.4532, 1
16.4563, 0
16.4594, 0
16.4624, 0
16.4654, 0
16.4685, 0
16.4715, 0
16.4746, 0
16.4777, 0
16.4808, 0
16.4838, 0
16.4868, 0
16.4899, 0
16.4930, 0
16.4960, 1
16.4992, 3
16.5023, 4
16.5053, 5
16.5083, 7
16.5113, 8
16.5145, 9
16.5174, 10
16.5205, 11
16.5237, 12
16.5266, 6
16.5297, 5
16.5327, 4
16.5355, 3
16.5384, 1
16.5412, 1
16.5441, 0
16.5469, 0
16.5498, 0
16.5527, 1
16.5556, 3
16.5584, 5
16.5613, 7
16.5642, 9
16.5671, 11
16.5699, 12
16.5728, 14
16.5757, 13
16.5786, 11
16.5814, 11
16.5843, 12
16.5872, 13
16.5900, 15
16.5929, 16
16.5958, 17
16.5989, 19
16.6028, 17
16.6059, 17
16.6090, 16
16.6123, 14
16.6156, 11
16.6190, 13
16.6230, 15
16.6256, 16
16.6288, 18
16.6321, 19
16.6354, 21
16.6388, 22
16.6421, 23
16.6454, 23
16.6487, 23
16.6521, 23
16.6553, 23
16.6586, 25
16.6619, 26
16.6652, 27
16.6685, 27
16.6718, 29
16.6751, 31
16.6781, 33
16.6813, 28
16.6845, 30
16.6877, 30
16.6908, 31
16.6939, 33
16.6970, 31
16.7001, 31
16.7034, 30
16.7067, 31
16.7099, 32
16.7131, 34
16.7164, 36
16.7196, 38
16.7229, 33
16.7261, 35
16.7294, 33
16.7326, 35
16.7359, 37
16.7394, 35
16.7427, 35
16.7459, 37
16.7492, 39
16.7524, 41
16.7557, 40
16.7589, 39
16.7621, 37
16.7653, 33
16.7685, 29
16.7718, 27
16.7750, 25
16.7779, 22
16.7810, 21
16.7841, 19
16.7871, 17
16.7902, 15
16.7934, 13
16.7966, 11
16.7997, 9
16.8026, 9
16.8059, 6
16.8090, 5
16.8120, 3
16.8151, 1
16.8182, 0
16.8213, 0
16.8243, 2
16.8274, 4
16.8304, 6
16.8334, 7
16.8364, 9
16.8396, 7
16.8427, 8
16.8459, 9
16.8489, 11
16.8517, 13
16.8547, 15
16.8574, 9
16.8605, 11
16.8633, 9
16.8662, 7
16.8700, 4
16.8725, 3
16.8757, 3
16.8788, 1
16.8816, 0
16.8843, 0
16.8872, 1
16.8899, 2
16.8928, 4
16.8963, 5
16.8992, 7
16.9010, 8
16.9038, 9
16.9072, 11
16.9119, 13
16.9141, 15
16.9171, 15
16.9214, 17
16.9233, 19
16.9249, 20
16.9284, 22
16.9310, 21
16.9333, 19
16.9363, 20
16.9390, 16
16.9421, 15
16.9450, 13
16.9478, 9
16.9509, 11
16.9541, 11
16.9576, 9
16.9601, 7
16.9631, 7
16.9673, 5
16.9700, 5
16.9733, 3
16.9760, 1
16.9816, 1
16.9835, 1
16.9874, 0
16.9908, 0
16.9938, 0
16.9964, 0
17.0012, 0
17.0031, 0
17.0046, 0
17.0085, 0
17.0100, 0
17.0144, 0
17.0172, 0
17.0201, 0
17.0218, 0
17.0244, 0
17.0276, 0
17.0310, 0
17.0336, 0
17.0369, 0
17.0401, 0
17.0434, 0
17.0463, 0
17.0495, 0
17.0532, 0
17.0569, 0
17.0600, 0
17.0627, 0
17.0663, 1
17.0689, 1
17.0724, 3
17.0758, 3
17.0793, 4
17.0830, 4
17.0897, 5
17.0912, 0
17.0942, 0
17.0962, 0
17.0995, 0
17.1021, 0
17.1044, 0
17.1066, 0
17.1101, 0
17.1127, 0
17.1158, 0
17.1181, 0
17.1210, 0
17.1239, 0
17.1268, 0
17.1298, 0
17.1326, 0
17.1507, 0
17.1531, 0
17.1662, 0
17.1670, 1
17.1678, 0
17.1687, 0
17.1699, 0
17.1711, 0
17.1732, 0
17.1746, 0
17.1767, 1
17.1781, 2
17.1805, 3
17.1837, 3
17.1865, 4
17.1883, 5
17.1904, 6
17.1937, 7
17.1964, 8
17.1985, 9
17.2031, 10
17.2052, 10
17.2102, 10
17.2224, 9
17.2260, 8
17.2290, 5
17.2326, 4
17.2379, 3
17.2408, 1
17.2437, 0
17.2467, 0
17.2482, 0
17.2491, 0
17.2502, 0
17.2511, 0
17.2521, 0
17.2530, 0
17.2539, 0
17.2564, 0
17.2593, 0
17.2615, 0
17.2643, 0
17.2672, 0
17.2701, 0
17.2730, 0
17.2761, 0
17.2788, 0
17.2817, 0
17.2848, 0
17.2879, 0
17.2911, 0
17.2940, 0
17.2970, 0
17.3000, 0
17.3036, 0
17.3066, 0
17.3095, 0
17.3118, 0
17.3154, 0
17.3184, 0
17.3214, 0
17.3231, 1
17.3262, 1
17.3293, 3
17.3322, 4
17.3354, 6
17.3383, 8
17.3413, 3
17.3445, 5
17.3474, 7
17.3504, 5
17.3535, 5
17.3566, 7
17.3599, 9
17.3630, 11
17.3661, 13
17.3691, 5
17.3724, 5
17.3755, 2
17.3787, 1
17.3818, 0
17.3849, 0
17.3880, 0
17.3910, 0
17.3942, 0
17.3972, 0
17.4003, 0
17.4034, 0
17.4065, 0
17.4095, 0
17.4127, 0
17.4160, 1
17.4180, 0
17.4209, 0
17.4246, 0
17.4274, 0
17.4292, 0
17.4330, 0
17.4363, 0
17.4391, 1
17.4418, 3
17.4444, 3
17.4471, 4
17.4495, 5
17.4520, 7
17.4547, 8
17.4573, 9
17.4601, 11
17.4637, 13
17.4660, 14
17.4686, 15
17.4708, 17
17.4728, 18
17.4762, 19
17.4824, 20
17.4849, 21
17.4879, 23
17.4909, 23
17.4939, 25
17.4968, 26
17.4984, 27
17.4994, 28
17.5016, 29
17.5040, 29
17.5061, 31
17.5088, 30
17.5112, 31
17.5135, 32
17.5160, 33
17.5183, 35
17.5206, 35
17.5235, 37
17.5260, 37
17.5284, 37
17.5307, 39
17.5331, 39
17.5355, 39
17.5381, 41
17.5404, 41
17.5427, 42
17.5449, 43
17.5479, 43
17.5502, 45
17.5526, 45
17.5550, 46
17.5573, 47
17.5596, 47
17.5619, 47
17.5643, 48
17.5670, 49
17.5691, 49
17.5714, 49
17.5738, 51
17.5762, 51
17.5787, 51
17.5811, 51
17.5834, 51
17.5858, 50
17.5881, 43
17.5914, 45
17.5938, 47
17.5961, 49
17.5986, 51
17.6011, 53
17.6035, 55
17.6058, 57
17.6082, 59
17.6106, 61
17.6128, 63
17.6145, 62
17.6168, 62
17.6199, 57
17.6223, 57
17.6246, 53
17.6270, 49
17.6294, 48
17.6319, 48
17.6343, 48
17.6365, 48
17.6393, 49
17.6415, 49
17.6440, 49
17.6469, 49
17.6484, 50
17.6512, 49
17.6537, 51
17.6563, 51
17.6583, 53
17.6611, 55
17.6634, 55
17.6659, 55
17.6682, 57
17.6712, 57
17.6735, 58
17.6759, 59
17.6786, 59
17.6811, 61
17.6838, 62
17.6861, 63
17.6888, 63
17.6904, 63
17.6952, 63
17.6970, 62
17.7024, 61
17.7051, 59
17.7072, 58
17.7138, 58
17.7162, 59
17.7191, 60
17.7222, 61
17.7270, 61
17.7321, 63
17.7339, 63
17.7382, 63
17.7391, 63
17.7418, 63
17.7434, 62
17.7473, 63
17.7491, 62
17.7523, 63
17.7543, 63
17.7565, 62
17.7590, 63
17.7617, 62
17.7645, 61
17.7669, 62
17.7695, 61
17.7715, 62
17.7743, 61
17.7764, 60
17.7793, 60
17.7817, 60
17.7843, 60
17.7863, 60
17.7892, 60
17.7912, 60
17.7940, 60
17.7972, 60
17.7998, 60
17.8024, 60
17.8048, 61
17.8072, 62
17.8094, 62
17.8119, 62
17.8143, 62
17.8180, 63
17.8189, 63
17.8210, 63
17.8255, 62
17.8293, 62
17.8323, 61
17.8346, 60
17.8371, 60
17.8423, 59
17.8459, 58
17.8480, 59
17.8517, 57
17.8552, 56
17.8580, 57
17.8593, 57
17.8632, 59
17.8661, 52
17.8687, 45
17.8715, 41
17.8741, 41
17.8767, 42
17.8803, 41
17.8828, 41
17.8854, 40
17.8874, 39
17.8906, 39
17.8936, 38
17.8972, 37
17.9022, 37
17.9031, 39
17.9089, 40
17.9120, 42
17.9159, 43
17.9201, 45
17.9245, 46
17.9282, 47
17.9316, 48
17.9357, 49
17.9395, 51
17.9424, 52
17.9446, 53
17.9471, 55
17.9506, 56
17.9535, 57
17.9574, 59
17.9615, 60
17.9657, 61
17.9699, 63
17.9741, 61
17.9779, 61
17.9820, 62
17.9858, 63
17.9891, 62
17.9932, 63
17.9965, 63
17.9997, 63
18.0039, 62
18.0088, 63
18.0120, 63
18.0162, 62
18.0214, 62
18.0258, 60
18.0278, 60
18.0309, 60
18.0352, 60
18.0369, 60
18.0398, 60
18.0433, 58
18.0464, 60
18.0492, 60
18.0553, 60
18.0592, 58
18.0629, 56
18.0668, 54
18.0706, 50
18.0757, 48
18.0786, 46
18.0817, 45
18.0847, 43
18.0877, 41
18.0909, 39
18.0942, 37
18.0981, 37
18.1018, 35
18.1051, 34
18.1085, 33
18.1120, 31
18.1151, 33
18.1176, 32
18.1247, 33
18.1278, 32
18.1299, 29
18.1322, 28
18.1344, 25
18.1368, 25
18.1395, 21
18.1428, 19
18.1457, 16
18.1491, 13
18.1511, 10
18.1540, 7
18.1552, 4
18.1575, 0
18.1601, 0
18.1633, 0
18.1664, 0
18.1694, 0
18.1724, 0
18.1750, 0
18.1783, 0
18.1816, 0
18.1845, 0
18.1876, 0
18.1909, 0
18.1941, 2
18.1972, 3
18.2004, 5
18.2036, 6
18.2066, 7
18.2098, 7
18.2130, 8
18.2160, 7
18.2191, 7
18.2222, 7
18.2254, 8
18.2284, 8
18.2316, 8
18.2346, 8
18.2378, 7
18.2408, 8
18.2435, 8
18.2463, 8
18.2491, 7
18.2523, 7
18.2546, 7
18.2571, 7
18.2592, 7
18.2632, 7
18.2645, 7
18.2659, 7
18.2686, 7
18.2713, 0
18.2739, 1
18.2765, 3
18.2791, 2
18.2817, 4
18.2841, 6
18.2868, 7
18.2895, 7
18.2914, 7
18.2939, 9
18.2965, 9
18.2989, 9
18.3014, 9
18.3039, 7
18.3065, 7
18.3088, 7
18.3114, 8
18.3138, 8
18.3163, 8
18.3188, 9
18.3214, 9
18.3236, 9
18.3260, 11
18.3285, 11
18.3310, 11
18.3356, 11
18.3382, 10
18.3411, 10
18.3432, 9
18.3456, 7
18.3480, 7
18.3503, 7
18.3531, 7
18.3560, 7
18.3593, 9
18.3621, 11
18.3650, 13
18.3683, 15
18.3711, 17
18.3740, 19
18.3772, 21
18.3801, 23
18.3832, 25
18.3862, 25
18.3903, 25
18.3931, 25
18.3964, 25
18.3996, 23
18.4055, 21
18.4086, 18
18.4113, 16
18.4135, 16
18.4165, 16
18.4204, 15
18.4235, 15
18.4267, 13
18.4297, 12
18.4328, 9
18.4360, 10
18.4393, 11
18.4423, 8
18.4455, 10
18.4486, 11
18.4528, 11
18.4555, 12
18.4590, 14
18.4615, 11
18.4653, 0
18.4674, 2
18.4715, 4
18.4730, 6
18.4778, 8
18.4813, 10
18.4845, 12
18.4879, 14
18.4907, 9
18.4942, 11
18.4980, 9
18.5010, 9
18.5035, 7
18.5066, 7
18.5096, 5
18.5129, 5
18.5153, 4
18.5177, 3
18.5216, 3
18.5243, 1
18.5258, 0
18.5296, 0
18.5326, 0
18.5362, 0
18.5388, 0
18.5418, 0
18.5448, 0
18.5481, 0
18.5511, 0
18.5545, 0
18.5576, 0
18.5606, 0
18.5635, 0
18.5667, 0
18.5699, 0
18.5729, 0
18.5759, 0
18.5789, 0
18.5821, 0
18.5852, 0
18.5884, 0
18.5956, 0
18.5987, 0
18.6003, 1
18.6036, 0
18.6073, 0
18.6091, 0
18.6121, 0
18.6152, 0
18.6184, 0
18.6211, 0
18.6229, 0
18.6250, 0
18.6282, 0
18.6313, 1
18.6340, 0
18.6370, 0
18.6387, 1
18.6405, 0
18.6434, 0
18.6465, 0
18.6493, 1
18.6518, 0
18.6547, 0
18.6569, 0
18.6587, 0
18.6622, 0
18.6633, 0
18.6653, 0
18.6703, 0
18.6713, 0
18.6745, 0
18.6786, 0
18.6802, 0
18.6828, 1
18.6845, 0
18.6871, 0
18.6886, 0
18.6926, 0
18.6949, 0
18.7010, 0
18.7036, 0
18.7050, 0
18.7077, 0
18.7104, 0
18.7176, 0
18.7187, 0
18.7213, 0
18.7235, 0
18.7262, 0
18.7272, 0
18.7314, 0
18.7331, 0
18.7365, 0
18.7398, 0
18.7440, 0
18.7451, 0
18.7483, 0
18.7529, 1
18.7553, 0
18.7580, 0
18.7590, 0
18.7616, 0
18.7650, 0
18.7680, 0
18.7712, 0
18.7739, 1
18.7774, 2
18.7803, 1
18.7847, 2
18.7857, 1
18.7897, 2
18.7908, 2
18.7933, 2
18.7965, 3
18.7981, 2
18.8009, 2
18.8060, 4
18.8090, 5
18.8121, 6
18.8142, 4
18.8173, 5
18.8212, 7
18.8233, 6
18.8255, 0
18.8276, 0
18.8295, 0
18.8326, 1
18.8356, 1
18.8382, 1
18.8409, 0
18.8441, 0
18.8457, 1
18.8482, 3
18.8498, 0
18.8520, 0
18.8540, 1
18.8572, 1
18.8593, 0
18.8615, 0
18.8646, 0
18.8686, 0
18.8717, 0
18.8739, 0
18.8760, 0
18.8781, 0
18.8802, 0
18.8823, 0
18.8855, 0
18.8888, 0
18.8923, 0
18.8942, 0
18.8974, 0
18.9012, 0
18.9061, 0
18.9071, 0
18.9108, 0
18.9157, 0
18.9167, 0
18.9227, 0
18.9236, 0
18.9263, 0
18.9296, 0
18.9326, 0
18.9360, 0
18.9383, 0
18.9413, 0
18.9445, 0
18.9469, 0
18.9503, 1
18.9535, 0
18.9570, 0
18.9592, 0
18.9615, 0
18.9665, 0
18.9694, 0
18.9711, 0
18.9737, 0
18.9780, 1
18.9812, 1
18.9851, 1
18.9876, 0
18.9896, 0
18.9933, 1
18.9963, 0
19.0004, 0
19.0048, 1
19.0074, 1
19.0084, 1
19.0135, 1
19.0165, 0
19.0180, 0
19.0236, 0
19.0248, 0
19.0283, 0
19.0308, 0
19.0332, 0
19.0404, 0
19.0416, 0
19.0436, 0
19.0454, 0
19.0490, 0
19.0502, 0
19.0558, 0
19.0568, 0
19.0586, 0
19.0615, 0
19.0644, 0
19.0670, 1
19.0693, 0
19.0763, 0
19.0798, 0
19.0806, 0
19.0827, 0
19.0860, 0
19.0907, 0
19.0965, 0
19.0991, 0
19.1022, 0
19.1053, 2
19.1120, 2
19.1139, 1
19.1197, 3
19.1219, 0
19.1292, 0
19.1304, 0
19.1375, 0
19.1414, 0
19.1459, 0
19.1470, 0
19.1485, 0
19.1510, 0
19.1561, 1
19.1657, 0
19.1668, 0
19.1680, 1
19.1710, 0
19.1739, 0
19.1783, 0
19.1807, 0
19.1868, 0
19.1926, 0
19.1936, 0
19.1953, 0
19.1963, 1
19.2012, 1
19.2021, 2
19.2032, 2
19.2058, 3
19.2148, 3
19.2202, 3
19.2227, 3
19.2241, 4
19.2253, 5
19.2277, 5
19.2297, 0
19.2309, 0
19.2351, 0
19.2382, 0
19.2423, 3
19.2452, 3
19.2541, 3
19.2550, 4
19.2558, 4
19.2567, 6
19.2581, 6
19.2590, 7
19.2627, 8
19.2638, 8
19.2663, 9
19.2697, 11
19.2724, 11
19.2747, 11
19.2769, 12
19.2792, 11
19.2816, 12
19.2859, 13
19.2895, 14
19.2930, 14
19.2973, 15
19.3002, 16
19.3028, 17
19.3057, 18
19.3088, 19
19.3120, 19
19.3154, 20
19.3187, 18
19.3233, 20
19.3275, 22
19.3304, 21
19.3361, 23
19.3391, 25
19.3403, 25
19.3432, 25
19.3480, 27
19.3496, 26
19.3536, 27
19.3582, 29
19.3613, 28
19.3656, 30
19.3703, 32
19.3750, 29
19.3797, 31
19.3843, 33
19.3889, 35
19.3935, 31
19.3967, 33
19.3998, 35
19.4022, 36
19.4070, 31
19.4125, 33
19.4345, 35
19.4452, 38
19.4457, 32
19.4463, 34
19.4471, 22
19.4481, 24
19.4486, 26
19.4491, 20
19.4499, 22
19.4566, 24
19.4576, 26
19.4591, 28
19.4604, 30
19.4614, 32
19.4623, 35
19.4656, 37
19.4709, 37
19.4714, 39
19.4731, 37
19.4755, 39
19.4783, 39
19.4806, 39
19.4834, 37
19.4863, 38
19.4892, 33
19.4913, 34
19.4935, 34
19.4956, 34
19.4978, 36
19.5000, 11
19.5026, 13
19.5067, 15
19.5101, 17
19.5106, 19
19.5163, 21
19.5197, 23
19.5248, 25
19.5277, 27
19.5306, 29
19.5331, 31
19.5362, 33
19.5390, 34
19.5417, 15
19.5445, 17
19.5474, 19
19.5499, 21
19.5523, 23
19.5550, 25
19.5574, 27
19.5601, 29
19.5611, 31
19.5636, 33
19.5661, 35
19.5681, 33
19.5715, 33
19.5743, 33
19.5759, 34
19.5773, 33
19.5789, 2
19.5829, 3
19.5852, 3
19.5867, 3
19.5885, 4
19.5907, 4
19.5949, 5
19.5975, 5
19.6011, 7
19.6043, 9
19.6068, 11
19.6098, 13
19.6134, 15
19.6164, 17
19.6188, 19
19.6223, 21
19.6263, 23
19.6280, 10
19.6333, 12
19.6362, 14
19.6394, 16
19.6420, 18
19.6448, 20
19.6478, 22
19.6502, 24
19.6519, 25
19.6547, 20
19.6588, 19
19.6609, 18
19.6653, 16
19.6677, 17
19.6703, 16
19.6730, 17
19.6751, 15
19.6784, 17
19.6813, 16
19.6845, 15
19.6858, 15
19.6886, 15
19.6915, 13
19.6947, 11
19.6969, 7
19.6996, 5
19.7016, 3
19.7044, 2
19.7070, 1
19.7097, 0
19.7125, 0
19.7161, 0
19.7205, 0
19.7274, 1
19.7323, 0
19.7354, 0
19.7381, 1
19.7411, 0
19.7437, 1
19.7464, 1
19.7477, 0
19.7506, 0
19.7533, 1
19.7558, 1
19.7588, 0
19.7613, 0
19.7636, 1
19.7650, 0
19.7688, 0
19.7707, 1
19.7752, 2
19.7786, 2
19.7815, 2
19.7843, 4
19.7877, 6
19.7908, 5
19.7938, 7
19.7967, 6
19.7994, 7
19.8022, 7
19.8048, 10
19.8074, 11
19.8164, 10
19.8189, 13
19.8218, 12
19.8249, 12
19.8260, 11
19.8278, 11
19.8289, 10
19.8312, 10
19.8330, 10
19.8346, 11
19.8367, 12
19.8379, 12
19.8395, 13
19.8410, 15
19.8426, 14
19.8451, 15
19.8474, 17
19.8498, 17
19.8508, 17
19.8533, 15
19.8545, 13
19.8560, 11
19.8578, 11
19.8607, 7
19.8631, 8
19.8648, 8
19.8673, 9
19.8695, 9
19.8728, 10
19.8759, 9
19.8784, 11
19.8805, 11
19.8830, 11
19.8850, 12
19.8874, 11
19.8903, 13
19.8936, 11
19.8967, 13
19.8998, 12
19.9028, 14
19.9061, 15
19.9091, 16
19.9123, 18
19.9155, 16
19.9184, 12
19.9215, 9
19.9247, 7
19.9275, 4
19.9305, 4
19.9335, 5
19.9366, 7
19.9397, 7
19.9428, 9
19.9458, 9
19.9488, 11
19.9519, 12
19.9549, 13
19.9579, 14
19.9599, 14
19.9625, 15
19.9652, 16
19.9673, 17
19.9713, 18
19.9737, 20
19.9764, 20
19.9787, 22
19.9829, 22
19.9864, 24
19.9890, 24
19.9911, 25
19.9950, 25
19.9971, 26
20.0006, 28
20.0042, 26
20.0078, 25
20.0104, 26
20.0127, 27
20.0175, 28
20.0205, 29
20.0234, 29
20.0296, 30
20.0316, 32
20.0329, 31
20.0363, 32
20.0382, 31
20.0419, 33
20.0516, 35
20.0535, 33
20.0545, 33
20.0554, 34
20.0560, 33
20.0564, 33
20.0625, 35
20.0636, 35
20.0668, 37
20.0699, 38
20.0711, 39
20.0746, 39
20.0785, 41
20.0813, 42
20.0853, 44
20.0879, 45
20.0917, 45
20.0964, 47
20.0977, 48
20.1015, 47
20.1029, 47
20.1046, 45
20.1075, 45
20.1108, 43
20.1138, 43
20.1168, 41
20.1202, 40
20.1236, 39
20.1280, 39
20.1312, 39
20.1349, 37
20.1380, 35
20.1427, 32
20.1475, 30
20.1526, 29
20.1548, 25
20.1573, 20
20.1599, 17
20.1625, 13
20.1653, 11
20.1677, 11
20.1711, 12
20.1741, 14
20.1770, 15
20.1797, 17
20.1824, 14
20.1848, 16
20.1874, 15
20.1901, 10
20.1928, 12
20.1952, 14
20.1978, 13
20.2003, 14
20.2027, 13
20.2053, 14
20.2077, 16
20.2102, 10
20.2126, 11
20.2153, 12
20.2180, 14
20.2206, 11
20.2233, 13
20.2259, 12
20.2282, 13
20.2312, 11
20.2356, 10
20.2362, 11
20.2416, 11
20.2451, 11
20.2474, 11
20.2488, 10
20.2518, 11
20.2546, 11
20.2574, 11
20.2602, 11
20.2622, 11
20.2649, 12
20.2674, 13
20.2704, 9
20.2727, 5
20.2750, 2
20.2777, 0
20.2814, 0
20.2843, 0
20.2871, 0
20.2899, 0
20.2927, 0
20.2957, 0
20.2986, 0
20.3013, 0
20.3035, 0
20.3062, 0
20.3095, 0
20.3125, 0
20.3151, 0
20.3181, 0
20.3209, 1
20.3238, 1
20.3262, 1
20.3290, 1
20.3320, 1
20.3347, 0
20.3371, 0
20.3397, 0
20.3421, 0
20.3446, 0
20.3469, 0
20.3493, 0
20.3542, 0
20.3552, 0
20.3586, 0
20.3605, 1
20.3632, 2
20.3657, 1
20.3686, 0
20.3717, 0
20.3748, 0
20.3777, 0
20.3808, 0
20.3838, 0
20.3863, 0
20.3893, 0
20.3934, 0
20.3980, 1
20.4013, 1
20.4029, 0
20.4055, 0
20.4081, 0
20.4109, 0
20.4137, 0
20.4158, 1
20.4181, 3
20.4204, 5
20.4230, 6
20.4254, 7
20.4292, 9
20.4315, 9
20.4354, 10
20.4372, 12
20.4403, 14
20.4446, 16
20.4471, 19
20.4509, 19
20.4552, 21
20.4586, 22
20.4620, 22
20.4657, 22
20.4698, 23
20.4708, 24
20.4776, 25
20.4785, 26
20.4836, 26
20.4878, 21
20.4914, 20
20.4950, 20
20.5015, 19
20.5031, 20
20.5062, 22
20.5090, 22
20.5104, 23
20.5138, 24
20.5171, 25
20.5191, 26
20.5223, 26
20.5252, 27
20.5282, 27
20.5311, 28
20.5331, 28
20.5362, 28
20.5392, 29
20.5423, 28
20.5454, 18
20.5485, 18
20.5516, 17
20.5547, 17
20.5578, 16
20.5609, 15
20.5640, 15
20.5671, 13
20.5702, 14
20.5733, 9
20.5764, 8
20.5794, 4
20.5825, 0
20.5855, 0
20.5885, 0
20.5921, 0
20.5964, 0
20.6012, 0
20.6045, 0
20.6065, 0
20.6107, 0
20.6128, 1
20.6156, 1
20.6200, 1
20.6233, 0
20.6265, 0
20.6289, 0
20.6315, 0
20.6358, 0
20.6382, 0
20.6413, 0
20.6442, 1
20.6471, 0
20.6492, 0
20.6531, 0
20.6560, 0
20.6590, 0
20.6613, 0
20.6660, 0
20.6693, 0
20.6714, 0
20.6745, 0
20.6781, 0
20.6806, 0
20.6836, 0
20.6853, 0
20.6875, 0
20.6910, 0
20.6940, 0
20.6972, 0
20.7002, 1
20.7034, 0
20.7064, 0
20.7085, 0
20.7124, 0
20.7156, 1
20.7177, 1
20.7198, 0
20.7225, 1
20.7245, 2
20.7275, 3
20.7298, 4
20.7316, 3
20.7342, 3
20.7368, 4
20.7411, 3
20.7432, 5
20.7484, 8
20.7525, 11
20.7546, 10
20.7577, 12
20.7608, 12
20.7639, 14
20.7671, 15
20.7701, 15
20.7732, 16
20.7762, 17
20.7793, 18
20.7828, 18
20.7847, 19
20.7875, 21
20.7918, 23
20.7942, 23
20.7967, 24
20.7994, 26
20.8021, 27
20.8052, 29
20.8082, 29
20.8108, 30
20.8158, 32
20.8190, 33
20.8222, 33
20.8253, 33
20.8284, 34
20.8315, 35
20.8346, 36
20.8376, 37
20.8415, 38
20.8446, 39
20.8480, 39
20.8511, 39
20.8542, 39
20.8573, 39
20.8604, 39
20.8637, 41
20.8666, 42
20.8712, 44
20.8750, 45
20.8782, 46
20.8812, 47
20.8844, 48
20.8874, 48
20.8904, 47
20.8936, 48
20.8967, 50
20.8997, 51
20.9027, 51
20.9058, 51
20.9088, 49
20.9119, 51
20.9142, 49
20.9176, 49
20.9202, 50
20.9234, 51
20.9278, 51
20.9298, 51
20.9344, 51
20.9388, 51
20.9434, 51
20.9475, 49
20.9514, 51
20.9554, 50
20.9602, 49
20.9622, 48
20.9652, 49
20.9678, 49
20.9708, 49
20.9737, 49
20.9765, 49
20.9796, 49
20.9829, 49
20.9907, 49
20.9935, 50
20.9965, 49
20.9997, 49
21.0023, 50
21.0053, 51
21.0083, 51
21.0105, 51
21.0135, 51
21.0166, 51
21.0197, 50
21.0219, 51
21.0240, 51
21.0262, 49
21.0292, 50
21.0324, 51
21.0345, 51
21.0369, 53
21.0391, 52
21.0421, 53
21.0452, 53
21.0475, 53
21.0514, 53
21.0540, 55
21.0604, 55
21.0634, 56
21.0663, 56
21.0694, 56
21.0724, 55
21.0757, 54
21.0793, 53
21.0823, 53
21.0860, 53
21.0928, 53
21.0946, 51
21.0975, 48
21.1008, 49
21.1049, 51
21.1078, 53
21.1115, 54
21.1135, 52
21.1168, 53
21.1195, 55
21.1228, 55
21.1253, 56
21.1274, 57
21.1294, 58
21.1312, 59
21.1328, 59
21.1348, 59
21.1374, 59
21.1388, 61
21.1431, 60
21.1475, 62
21.1510, 61
21.1540, 62
21.1576, 63
21.1599, 62
21.1633, 60
21.1665, 61
21.1714, 62
21.1758, 63
21.1816, 63
21.1891, 63
21.1910, 62
21.1955, 63
21.1984, 63
21.2027, 63
21.2064, 63
21.2082, 61
21.2105, 57
21.2134, 55
21.2168, 48
21.2207, 42
21.2244, 36
21.2275, 30
21.2318, 24
21.2359, 20
21.2398, 16
21.2437, 13
21.2471, 14
21.2533, 15
21.2544, 16
21.2562, 17
21.2593, 17
21.2625, 18
21.2657, 19
21.2689, 19
21.2724, 20
21.2756, 21
21.2793, 23
21.2821, 24
21.2855, 25
21.2887, 25
21.2922, 27
21.2954, 27
21.2988, 27
21.3020, 29
21.3058, 29
21.3084, 29
21.3116, 31
21.3147, 31
21.3178, 33
21.3210, 33
21.3246, 33
21.3275, 35
21.3307, 35
21.3339, 35
21.3371, 37
21.3403, 37
21.3436, 39
21.3468, 40
21.3499, 41
21.3531, 43
21.3562, 43
21.3595, 45
21.3629, 47
21.3660, 49
21.3692, 50
21.3724, 51
21.3757, 52
21.3790, 54
21.3823, 55
21.3856, 55
21.3887, 57
21.3919, 57
21.3951, 59
21.3983, 61
21.4017, 62
21.4050, 63
21.4072, 63
21.4096, 63
21.4119, 63
21.4143, 63
21.4176, 62
21.4214, 63
21.4238, 62
21.4285, 63
21.4323, 63
21.4356, 63
21.4383, 53
21.4414, 54
21.4447, 54
21.4473, 54
21.4503, 54
21.4540, 54
21.4567, 54
21.4597, 54
21.4632, 53
21.4663, 52
21.4694, 52
21.4718, 52
21.4755, 51
21.4773, 51
21.4809, 48
21.4823, 48
21.4850, 49
21.4887, 51
21.4904, 52
21.4932, 53
21.4964, 54
21.4993, 53
21.5020, 52
21.5046, 51
21.5077, 48
21.5105, 49
21.5136, 48
21.5167, 49
21.5198, 49
21.5230, 49
21.5260, 51
21.5291, 49
21.5321, 50
21.5352, 49
21.5383, 48
21.5414, 47
21.5445, 47
21.5476, 47
21.5506, 47
21.5537, 47
21.5568, 47
21.5599, 47
21.5629, 47
21.5660, 49
21.5693, 49
21.5723, 49
21.5755, 49
21.5786, 49
21.5817, 51
21.5848, 52
21.5879, 51
21.5910, 52
21.5940, 52
21.5971, 53
21.6001, 55
21.6032, 56
21.6064, 56
21.6095, 57
21.6126, 56
21.6157, 57
21.6188, 57
21.6219, 56
21.6252, 55
21.6283, 55
21.6314, 55
21.6345, 55
21.6376, 53
21.6407, 55
21.6440, 51
21.6473, 52
21.6509, 52
21.6536, 51
21.6566, 53
21.6600, 52
21.6630, 51
21.6667, 52
21.6696, 53
21.6728, 53
21.6760, 51
21.6792, 50
21.6824, 51
21.6859, 49
21.6892, 51
21.6939, 49
21.6954, 51
21.6987, 51
21.7014, 51
21.7046, 52
21.7079, 53
21.7111, 53
21.7141, 51
21.7173, 52
21.7204, 52
21.7238, 52
21.7269, 52
21.7302, 52
21.7335, 51
21.7366, 49
21.7397, 50
21.7430, 50
21.7460, 50
21.7497, 49
21.7559, 49
21.7601, 49
21.7646, 48
21.7693, 48
21.7742, 48
21.7785, 47
21.7826, 47
21.7871, 49
21.7933, 50
21.7977, 51
21.8026, 52
21.8049, 54
21.8112, 55
21.8152, 56
21.8185, 56
21.8212, 57
21.8242, 58
21.8275, 59
21.8299, 60
21.8324, 62
21.8366, 63
21.8404, 63
21.8424, 63
21.8452, 63
21.8509, 63
21.8523, 63
21.8584, 63
21.8594, 63
21.8637, 63
21.8660, 63
21.8682, 63
21.8705, 63
21.8727, 63
21.8783, 63
21.8808, 63
21.8857, 63
21.8869, 63
21.8930, 63
21.8948, 63
21.8970, 63
21.8994, 63
21.9030, 63
21.9053, 63
21.9205, 63
21.9277, 63
21.9287, 61
21.9296, 60
21.9305, 60
21.9314, 60
21.9322, 61
21.9331, 62
21.9340, 62
21.9344, 62
21.9366, 63
21.9402, 63
21.9428, 63
21.9460, 62
21.9494, 60
21.9525, 62
21.9558, 62
21.9591, 63
21.9621, 55
21.9651, 55
21.9683, 55
21.9713, 56
21.9743, 55
21.9774, 56
21.9809, 57
21.9841, 47
21.9873, 49
21.9896, 51
21.9929, 51
21.9963, 51
21.9991, 53
22.0028, 51
22.0056, 49
22.0093, 50
22.0123, 45
22.0151, 45
22.0183, 45
22.0221, 44
22.0245, 45
22.0274, 45
22.0302, 45
22.0334, 45
22.0352, 47
22.0375, 47
22.0410, 39
22.0427, 41
22.0455, 43
22.0467, 45
22.0493, 42
22.0520, 43
22.0550, 43
22.0581, 44
22.0614, 45
22.0646, 44
22.0682, 45
22.0718, 45
22.0751, 45
22.0783, 46
22.0809, 47
22.0843, 47
22.0877, 47
22.0908, 48
22.0943, 49
22.0974, 49
22.1008, 49
22.1036, 51
22.1072, 51
22.1121, 53
22.1154, 53
22.1203, 55
22.1232, 56
22.1272, 57
22.1294, 59
22.1335, 59
22.1366, 61
22.1405, 62
22.1436, 63
22.1479, 63
22.1514, 62
22.1574, 63
22.1611, 63
22.1637, 62
22.1666, 62
22.1701, 62
22.1737, 62
22.1758, 63
22.1791, 63
22.1833, 57
22.1863, 54
22.1888, 52
22.1926, 52
22.1958, 51
22.1973, 49
22.2004, 47
22.2030, 46
22.2065, 44
22.2101, 42
22.2135, 40
22.2168, 39
22.2202, 37
22.2243, 35
22.2272, 33
22.2305, 32
22.2334, 31
22.2363, 30
22.2394, 31
22.2418, 31
22.2443, 33
22.2468, 33
22.2494, 35
22.2520, 35
22.2545, 35
22.2569, 35
22.2594, 36
22.2618, 37
22.2643, 39
22.2669, 39
22.2694, 39
22.2718, 38
22.2745, 38
22.2770, 37
22.2795, 35
22.2822, 32
22.2849, 26
22.2874, 25
22.2899, 19
22.2927, 17
22.2952, 14
22.2979, 11
22.3005, 12
22.3031, 11
22.3056, 12
22.3082, 12
22.3109, 12
22.3136, 13
22.3160, 13
22.3183, 14
22.3208, 15
22.3277, 14
22.3313, 13
22.3334, 12
22.3363, 1
22.3385, 0
22.3415, 0
22.3443, 0
22.3478, 0
22.3501, 0
22.3525, 0
22.3544, 0
22.3573, 0
22.3607, 0
22.3629, 0
22.3649, 0
22.3673, 0
22.3695, 0
22.3720, 0
22.3744, 0
22.3788, 0
22.3814, 0
22.3835, 0
22.3859, 0
22.3901, 0
22.3912, 0
22.3944, 0
22.3976, 0
22.4007, 0
22.4036, 0
22.4067, 0
22.4095, 0
22.4127, 1
22.4157, 1
22.4185, 0
22.4233, 0
22.4261, 1
22.4280, 1
22.4310, 3
22.4328, 2
22.4345, 1
22.4374, 2
22.4409, 3
22.4456, 2
22.4480, 1
22.4500, 1
22.4514, 1
22.4542, 2
22.4578, 3
22.4608, 3
22.4636, 3
22.4655, 3
22.4694, 4
22.4723, 3
22.4781, 3
22.4816, 2
22.4861, 3
22.4900, 5
22.4939, 4
22.4980, 6
22.5022, 8
22.5058, 8
22.5087, 8
22.5111, 8
22.5135, 9
22.5158, 10
22.5185, 9
22.5213, 10
22.5244, 10
22.5264, 8
22.5280, 8
22.5315, 8
22.5350, 8
22.5391, 8
22.5429, 8
22.5464, 8
22.5498, 8
22.5533, 8
22.5564, 9
22.5595, 10
22.5634, 11
22.5668, 12
22.5696, 13
22.5727, 14
22.5754, 15
22.5786, 16
22.5814, 17
22.5849, 18
22.5880, 19
22.5909, 20
22.5938, 21
22.5965, 22
22.6000, 23
22.6026, 24
22.6053, 24
22.6085, 25
22.6111, 26
22.6136, 26
22.6166, 27
22.6190, 28
22.6208, 29
22.6232, 30
22.6258, 30
22.6281, 31
22.6304, 32
22.6323, 32
22.6352, 32
22.6375, 32
22.6395, 31
22.6426, 30
22.6458, 29
22.6479, 30
22.6499, 30
22.6530, 31
22.6550, 31
22.6563, 30
22.6584, 31
22.6603, 30
22.6630, 30
22.6645, 29
22.6676, 30
22.6702, 29
22.6726, 29
22.6753, 29
22.6782, 30
22.6809, 27
22.6834, 24
22.6860, 22
22.6890, 21
22.6918, 21
22.6948, 22
22.6977, 22
22.7001, 23
22.7031, 24
22.7062, 24
22.7094, 25
22.7121, 26
22.7148, 26
22.7179, 27
22.7212, 27
22.7244, 25
22.7270, 25
22.7297, 24
22.7328, 23
22.7356, 23
22.7384, 22
22.7406, 22
22.7418, 21
22.7446, 21
22.7459, 20
22.7477, 19
22.7495, 19
22.7508, 18
22.7529, 18
22.7548, 17
22.7563, 17
22.7611, 16
22.7644, 14
22.7675, 13
22.7714, 12
22.7739, 12
22.7768, 12
22.7784, 12
22.7792, 11
22.7801, 12
22.7808, 13
22.7816, 14
22.7824, 15
22.7831, 16
22.7839, 17
22.7847, 18
22.7855, 19
22.7863, 20
22.7886, 21
22.7903, 22
22.7918, 22
22.7939, 23
22.7953, 23
22.7981, 24
22.8005, 25
22.8023, 25
22.8061, 26
22.8110, 27
22.8135, 27
22.8159, 28
22.8179, 29
22.8203, 30
22.8229, 30
22.8255, 31
22.8278, 32
22.8303, 32
22.8320, 33
22.8338, 34
22.8361, 34
22.8384, 35
22.8410, 35
22.8435, 36
22.8457, 37
22.8482, 38
22.8508, 38
22.8528, 38
22.8559, 37
22.8582, 37
22.8606, 36
22.8626, 36
22.8643, 36
22.8668, 35
22.8691, 35
22.8712, 35
22.8731, 34
22.8760, 34
22.8784, 34
22.9566, 34
22.9578, 33
22.9586, 33
22.9595, 32
22.9604, 32
22.9612, 32
22.9621, 31
22.9629, 30
22.9638, 30
22.9647, 29
22.9655, 29
22.9664, 29
22.9673, 28
22.9682, 28
22.9690, 28
22.9698, 27
22.9707, 27
22.9716, 27
22.9723, 26
22.9731, 26
22.9738, 26
22.9745, 26
22.9753, 25
22.9760, 25
22.9768, 25
22.9777, 23
22.9785, 22
22.9795, 20
22.9803, 19
22.9813, 18
22.9821, 16
22.9830, 14
22.9839, 12
22.9848, 12
22.9856, 12
22.9865, 11
22.9873, 10
22.9882, 10
22.9891, 9
22.9900, 8
22.9908, 7
22.9916, 7
22.9925, 6
22.9933, 5
22.9941, 4
22.9950, 3
22.9959, 4
22.9968, 3
22.9976, 3
22.9985, 2
22.9993, 1
23.0001, 0
23.0010, 0
23.0018, 0
23.0027, 0
23.0035, 0
23.0044, 0
23.0052, 0
23.0060, 0
23.0069, 0
23.0077, 0
23.0087, 0
23.0095, 0
23.0103, 0
23.0111, 0
23.0119, 0
23.0128, 0
23.0144, 0
23.0158, 0
23.0187, 0
23.0196, 0
23.0207, 0
23.0225, 0
23.0254, 0
23.0266, 0
23.0287, 0
23.0306, 0
23.0327, 0
23.0350, 0
23.0373, 0
23.0382, 0
23.0417, 0
23.0432, 0
23.0447, 0
23.0464, 0
23.0483, 0
23.0503, 0
23.0522, 0
23.0648, 0
23.0655, 0
23.0756, 0
23.0765, 0
23.0774, 0
23.0785, 0
23.0794, 0
23.0804, 0
23.0814, 0
23.0852, 0
23.0875, 0
23.0885, 0
23.0895, 0
23.0910, 0
23.0930, 0
23.0950, 0
23.0971, 0
23.0989, 0
23.1014, 0
23.1033, 0
23.1052, 0
23.1070, 0
23.1088, 0
23.1098, 0
23.1108, 0
23.1117, 0
23.1126, 0
23.1143, 0
23.1165, 0
23.1174, 0
23.1184, 0
23.1258, 0
23.1317, 0
23.1331, 0
23.1348, 0
23.1360, 0
23.1405, 0
23.1610, 0
23.1652, 0
23.1669, 0
23.1681, 0
23.1693, 0
23.1704, 0
23.1716, 0
23.1728, 0
23.1740, 0
23.1752, 0
23.1762, 0
23.1787, 0
23.1804, 0
23.1817, 0
23.1829, 0
23.1841, 0
23.1854, 0
23.1866, 0
23.1873, 0
23.1890, 0
23.1927, 0
23.1942, 0
23.1955, 0
23.1969, 0
23.1978, 0
23.1987, 0
23.1997, 0
23.2006, 0
23.2016, 0
23.2025, 1
23.2035, 2
23.2046, 3
23.2061, 4
23.2073, 5
23.2087, 6
23.2096, 7
23.2106, 8
23.2124, 9
23.2134, 9
23.2143, 10
23.2153, 11
23.2158, 9
23.2162, 9
23.2173, 8
23.2183, 8
23.2194, 7
23.2204, 6
23.2209, 5
23.2220, 5
23.2235, 4
23.2266, 3
23.2290, 3
23.2309, 2
23.2316, 2
23.2336, 1
23.2361, 1
23.2374, 0
23.2391, 0
23.2408, 0
23.2430, 0
23.2457, 0
23.2482, 0
23.2506, 0
23.2525, 0
23.2532, 0
23.2567, 0
23.2587, 0
23.2606, 0
23.2631, 0
23.2661, 0
23.2689, 0
23.2717, 0
23.2740, 0
23.2767, 0
23.2795, 0
23.2829, 0
23.2850, 0
23.2878, 0
23.2918, 0
23.2946, 0
23.2967, 0
23.2997, 0
23.3022, 0
23.3046, 1
23.3079, 1
23.3095, 1
23.3117, 2
23.3143, 0
23.3169, 0
23.3201, 0
23.3213, 0
23.3225, 0
23.3237, 1
23.3249, 1
23.3263, 1
23.3285, 1
23.3302, 0
23.3314, 0
23.3334, 0
23.3348, 0
23.3364, 0
23.3380, 0
23.3389, 0
23.3399, 0
23.3408, 0
23.3418, 0
23.3428, 0
23.3438, 0
23.3448, 0
23.3458, 0
23.3467, 0
23.3477, 0
23.3495, 0
23.3514, 0
23.3526, 0
23.3542, 0
23.3554, 0
23.3568, 0
23.3584, 0
23.3596, 0
23.3610, 0
23.3628, 0
23.3643, 0
23.3669, 0
23.3697, 0
23.3715, 1
23.3732, 1
23.3749, 1
23.3772, 1
23.3789, 1
23.3812, 1
23.3830, 2
23.3848, 2
23.3865, 2
23.3891, 0
23.3904, 0
23.3926, 0
23.3943, 0
23.3969, 0
23.3981, 0
23.3994, 0
23.4016, 0
23.4032, 0
23.4045, 0
23.4183, 0
23.4206, 0
23.4235, 0
23.4257, 0
23.4284, 0
23.4310, 0
23.4337, 0
23.4361, 0
23.4387, 0
23.4414, 0
23.4438, 0
23.4463, 0
23.4492, 0
23.4518, 0
23.4543, 0
23.4570, 0
23.4600, 0
23.4619, 0
23.4636, 0
23.4650, 1
23.4666, 0
23.4682, 0
23.4694, 0
23.4710, 0
23.4742, 0
23.4752, 0
23.4777, 0
23.4790, 0
23.4800, 1
23.4830, 1
23.4848, 0
23.4864, 0
23.4879, 0
23.4897, 1
23.4914, 1
23.4928, 1
23.4945, 1
23.4976, 0
23.4987, 0
23.5010, 0
23.5035, 0
23.5055, 0
23.5074, 0
23.5093, 0
23.5114, 0
23.5136, 0
23.5156, 0
23.5176, 0
23.5202, 0
23.5227, 0
23.5251, 0
23.5272, 0
23.5297, 0
23.5327, 0
23.5350, 0
23.5373, 0
23.5396, 0
23.5419, 0
23.5442, 0
23.5466, 0
23.5492, 0
23.5512, 0
23.5531, 0
23.5554, 0
23.5578, 0
23.5596, 0
23.5616, 0
23.5636, 0
23.5655, 0
23.5674, 0
23.5700, 0
23.5727, 0
23.5752, 0
23.5779, 0
23.5804, 0
23.5831, 0
23.5855, 0
23.5883, 0
23.5911, 0
23.5932, 0
23.5957, 0
23.5980, 0
23.5985, 0
23.6009, 0
23.6021, 0
23.6032, 0
23.6045, 0
23.6058, 0
23.6072, 0
23.6086, 0
23.6103, 0
23.6124, 0
23.6149, 0
23.6170, 0
23.6193, 0
23.6219, 0
23.6239, 0
23.6247, 0
23.6255, 0
23.6264, 0
23.6273, 0
23.6282, 0
23.6290, 0
23.6299, 0
23.6307, 0
23.6315, 0
23.6326, 0
23.6336, 0
23.6345, 0
23.6365, 0
23.6372, 0
23.6380, 0
23.6389, 0
23.6399, 0
23.6407, 0
23.6416, 0
23.6458, 0
23.6498, 0
23.6513, 0
23.6539, 0
23.6568, 0
23.6589, 0
23.6604, 0
23.6615, 0
23.6640, 0
23.6686, 0
23.6715, 0
23.6744, 0
23.6765, 0
23.6790, 0
23.6804, 0
23.6839, 0
23.6855, 0
23.6892, 0
23.6905, 0
23.6933, 0
23.6959, 0
23.6969, 1
23.6975, 1
23.6986, 1
23.7022, 1
23.7056, 1
23.7080, 1
23.7092, 1
23.7112, 1
23.7123, 1
23.7149, 0
23.7172, 0
23.7196, 0
23.7206, 0
23.7217, 0
23.7257, 0
23.7274, 0
23.7292, 0
23.7317, 0
23.7341, 0
23.7441, 0
23.7492, 0
23.7512, 0
23.7533, 0
23.7551, 0
23.7579, 0
23.7604, 0
23.7618, 0
23.7656, 0
23.7673, 0
23.7695, 0
23.7722, 0
23.7745, 0
23.7771, 0
23.7799, 0
23.7824, 0
23.7846, 0
23.7867, 0
23.7888, 0
23.7910, 0
23.7939, 0
23.7961, 0
23.7982, 0
23.8004, 0
23.8027, 0
23.8051, 0
23.8076, 0
23.8091, 0
23.8114, 0
23.8137, 0
23.8159, 0
23.8180, 0
23.8206, 0
23.8226, 0
23.8247, 0
23.8267, 0
23.8292, 0
23.8315, 1
23.8338, 1
23.8367, 1
23.8387, 0
23.8408, 0
23.8432, 0
23.8453, 0
23.8474, 0
23.8494, 0
23.8515, 0
23.8535, 0
23.8557, 0
23.8591, 0
23.8677, 0
23.8738, 0
23.8770, 0
23.8797, 0
23.8818, 0
23.8841, 0
23.8874, 0
23.8895, 0
23.8928, 0
23.8940, 0
23.8948, 0
23.8957, 0
23.8968, 0
23.8975, 0
23.8983, 0
23.8991, 0
23.8999, 1
23.9006, 2
23.9013, 2
23.9080, 2
23.9092, 3
23.9130, 3
23.9150, 4
23.9164, 4
23.9192, 4
23.9221, 4
23.9251, 5
23.9285, 3
23.9308, 2
23.9327, 3
23.9354, 4
23.9375, 5
23.9406, 4
23.9417, 4
23.9439, 3
23.9469, 3
23.9494, 2
23.9524, 2
23.9566, 2
23.9590, 1
23.9610, 1
23.9646, 0
23.9674, 0
23.9699, 0
23.9721, 0
23.9750, 0
23.9770, 1
23.9791, 1
23.9821, 2
23.9840, 1
23.9873, 2
23.9893, 2
23.9921, 2
23.9946, 2
23.9985, 3
24.0008, 3
24.0037, 3
24.0063, 3
24.0085, 4
24.0115, 4
24.0137, 5
24.0163, 5
24.0188, 5
24.0210, 5
24.0242, 5
24.0257, 6
24.0288, 6
24.0307, 6
24.0340, 5
24.0359, 6
24.0382, 6
24.0407, 6
24.0432, 7
24.0460, 7
24.0481, 7
24.0493, 8
24.0550, 8
24.0564, 9
24.0574, 9
24.0587, 9
24.0599, 9
24.0611, 10
24.0650, 11
24.0677, 11
24.0688, 11
24.0697, 12
24.0706, 12
24.0715, 13
24.0726, 11
24.0735, 11
24.0743, 11
24.0751, 11
24.0759, 12
24.0796, 13
24.0823, 14
24.0847, 13
24.0870, 11
24.0896, 10
24.0920, 11
24.0943, 11
24.0968, 11
24.0999, 10
24.1026, 11
24.1051, 10
24.1077, 10
24.1102, 11
24.1127, 11
24.1153, 10
24.1182, 11
24.1209, 11
24.1233, 12
24.1252, 12
24.1279, 11
24.1303, 10
24.1327, 8
24.1351, 8
24.1373, 9
24.1397, 9
24.1426, 9
24.1449, 9
24.1471, 9
24.1497, 9
24.1522, 9
24.1545, 9
24.1570, 9
24.1602, 9
24.1628, 9
24.1647, 9
24.1673, 9
24.1696, 9
24.1722, 9
24.1736, 9
24.1754, 9
24.1774, 9
24.1800, 9
24.1812, 9
24.1840, 9
24.1869, 9
24.1895, 6
24.1908, 7
24.1926, 8
24.1951, 9
24.1969, 9
24.1989, 10
24.2000, 7
24.2013, 6
24.2037, 5
24.2049, 5
24.2070, 4
24.2083, 4
24.2101, 3
24.2133, 3
24.2152, 3
24.2171, 2
24.2199, 2
24.2217, 1
24.2230, 1
24.2250, 0
24.2262, 0
24.2275, 0
24.2286, 0
24.2301, 0
24.2321, 0
24.2341, 0
24.2371, 0
24.2392, 0
24.2412, 0
24.2438, 0
24.2494, 0
24.2524, 0
24.2553, 0
24.2559, 0
24.2587, 0
24.2612, 0
24.2617, 0
24.2641, 0
24.2650, 0
24.2678, 0
24.2727, 0
24.2744, 0
24.2780, 0
24.2810, 0
24.2819, 0
24.2828, 0
24.2837, 0
24.2846, 0
24.2855, 0
24.2864, 0
24.2874, 0
24.2883, 0
24.2892, 0
24.2950, 0
24.2959, 0
24.2998, 0
24.3022, 0
24.3040, 0
24.3049, 0
24.3056, 0
24.3065, 0
24.3074, 0
24.3083, 0
24.3092, 0
24.3101, 0
24.3110, 0
24.3193, 0
24.3203, 0
24.3212, 1
24.3220, 1
24.3279, 1
24.3307, 1
24.3365, 1
24.3385, 1
24.3398, 1
24.3419, 2
24.3445, 2
24.3455, 3
24.3481, 3
24.3505, 2
24.3515, 3
24.3532, 3
24.3562, 3
24.3584, 2
24.3607, 3
24.3620, 3
24.3643, 3
24.3666, 4
24.3687, 4
24.3697, 5
24.3723, 5
24.3750, 5
24.3768, 6
24.3791, 6
24.3802, 7
24.3829, 7
24.3850, 7
24.3869, 8
24.3879, 8
24.3888, 8
24.3898, 9
24.3908, 9
24.3918, 9
24.3927, 9
24.3936, 9
24.3983, 10
24.3988, 10
24.4015, 10
24.4035, 10
24.4057, 11
24.4090, 11
24.4116, 11
24.4140, 12
24.4159, 12
24.4177, 12
24.4220, 12
24.4238, 13
24.4271, 13
24.4293, 13
24.4323, 13
24.4338, 14
24.4362, 14
24.4403, 15
24.4423, 15
24.4436, 15
24.4456, 15
24.4475, 15
24.4497, 15
24.4516, 11
24.4540, 10
24.4564, 8
24.4579, 4
24.4600, 2
24.4610, 0
24.4620, 0
24.4661, 0
24.4683, 0
24.4707, 0
24.4730, 0
24.4752, 0
24.4779, 0
24.4801, 0
24.4825, 0
24.4846, 0
24.4869, 0
24.4925, 0
24.4956, 0
24.4965, 1
24.5016, 1
24.5036, 1
24.5067, 1
24.5097, 2
24.5125, 2
24.5162, 2
24.5203, 2
24.5213, 2
24.5251, 2
24.5288, 2
24.5324, 2
24.5355, 2
24.5376, 2
24.5400, 1
24.5420, 1
24.5440, 1
24.5464, 1
24.5488, 0
24.5516, 0
24.5546, 0
24.5568, 0
24.5595, 0
24.5611, 0
24.5627, 0
24.5636, 0
24.5654, 0
24.5675, 0
24.5698, 0
24.5723, 0
24.5742, 0
24.5765, 0
24.5782, 0
24.5799, 0
24.5818, 0
24.5836, 0
24.5858, 0
24.5879, 0
24.5934, 0
24.5980, 0
24.6005, 0
24.6038, 0
24.6052, 0
24.6064, 0
24.6078, 0
24.6090, 0
24.6103, 0
24.6116, 0
24.6132, 0
24.6155, 0
24.6187, 0
24.6193, 0
24.6226, 0
24.6265, 0
24.6295, 0
24.6314, 0
24.6340, 0
24.6381, 0
24.6395, 0
24.6418, 0
24.6479, 0
24.6503, 0
24.6526, 0
24.6549, 0
24.6566, 0
24.6585, 0
24.6633, 0
24.6653, 0
24.6671, 0
24.6690, 0
24.6699, 0
24.6707, 0
24.6718, 0
24.6726, 0
24.6745, 1
24.6771, 1
24.6792, 1
24.6814, 1
24.6840, 1
24.6862, 1
24.6888, 1
24.6928, 1
24.6959, 1
24.6996, 2
24.7022, 2
24.7043, 2
24.7065, 3
24.7092, 3
24.7117, 3
24.7138, 3
24.7176, 4
24.7191, 5
24.7216, 4
24.7247, 4
24.7295, 4
24.7314, 4
24.7333, 4
24.7363, 5
24.7386, 5
24.7413, 5
24.7433, 5
24.7454, 5
24.7474, 4
24.7496, 4
24.7518, 4
24.7542, 4
24.7560, 4
24.7586, 3
24.7608, 3
24.7627, 3
24.7648, 3
24.7668, 3
24.7682, 3
24.7703, 3
24.7717, 3
24.7735, 2
24.7758, 2
24.7782, 2
24.7805, 2
24.7829, 2
24.7855, 2
24.7883, 0
24.7900, 0
24.7925, 0
24.7952, 1
24.7976, 1
24.7998, 1
24.8020, 2
24.8043, 2
24.8069, 2
24.8091, 2
24.8116, 2
24.8138, 3
24.8158, 4
24.8183, 4
24.8203, 3
24.8216, 4
24.8234, 5
24.8259, 5
24.8288, 5
24.8298, 6
24.8320, 6
24.8357, 6
24.8362, 7
24.8389, 8
24.8412, 8
24.8437, 9
24.8456, 9
24.8480, 9
24.8495, 9
24.8518, 9
24.8540, 9
24.8567, 9
24.8586, 9
24.8606, 8
24.8628, 8
24.8655, 8
24.8678, 8
24.8704, 8
24.8722, 8
24.8745, 8
24.8766, 8
24.8785, 8
24.8806, 8
24.8827, 9
24.8853, 9
24.8874, 8
24.8895, 8
24.8918, 8
24.8943, 8
24.8967, 7
24.8986, 7
24.9078, 7
24.9093, 7
24.9110, 7
24.9124, 6
24.9148, 6
24.9168, 7
24.9186, 7
24.9200, 8
24.9216, 8
24.9233, 9
24.9251, 9
24.9267, 10
24.9278, 10
24.9296, 10
24.9312, 11
24.9326, 12
24.9348, 13
24.9361, 14
24.9377, 14
24.9390, 15
24.9404, 15
24.9419, 15
24.9429, 16
24.9446, 16
24.9470, 15
24.9483, 16
24.9502, 17
24.9524, 17
24.9533, 17
24.9546, 17
24.9563, 17
24.9573, 17
24.9586, 17
24.9596, 17
24.9635, 17
24.9677, 17
24.9702, 17
24.9736, 17
24.9759, 17
24.9768, 17
24.9799, 17
24.9833, 18
24.9857, 17
24.9914, 17
24.9933, 18
24.9993, 18
25.0011, 17
25.0038, 17
25.0056, 18
25.0087, 18
25.0106, 17
25.0130, 17
25.0155, 16
25.0178, 14
25.0199, 13
25.0220, 13
25.0248, 11
25.0270, 10
25.0289, 9
25.0309, 9
25.0324, 8
25.0366, 8
25.0400, 7
25.0430, 6
25.0460, 6
25.0492, 5
25.0518, 5
25.0549, 4
25.0573, 4
25.0613, 3
25.0636, 3
25.0661, 3
25.0685, 3
25.0709, 3
25.0745, 3
25.0768, 4
25.0792, 3
25.0815, 3
25.0839, 4
25.0862, 5
25.0870, 6
25.0898, 7
25.0921, 8
25.0946, 9
25.0972, 10
25.0996, 11
25.1016, 12
25.1035, 13
25.1053, 13
25.1077, 14
25.1098, 15
25.1145, 16
25.1173, 16
25.1204, 17
25.1242, 18
25.1264, 18
25.1284, 19
25.1305, 20
25.1313, 20
25.1321, 21
25.1364, 21
25.1390, 22
25.1408, 22
25.1427, 22
25.1463, 23
25.1488, 23
25.1512, 23
25.1536, 23
25.1566, 23
25.1590, 24
25.1614, 23
25.1639, 24
25.1662, 25
25.1693, 25
25.1718, 26
25.1745, 27
25.1767, 27
25.1802, 27
25.1827, 26
25.1859, 26
25.1889, 26
25.1921, 26
25.1945, 26
25.1968, 26
25.2021, 25
25.2042, 26
25.2090, 26
25.2098, 25
25.2120, 25
25.2158, 25
25.2180, 25
25.2211, 24
25.2233, 24
25.2258, 24
25.2280, 23
25.2320, 23
25.2363, 23
25.2394, 23
25.2431, 22
25.2468, 22
25.2503, 22
25.2535, 21
25.2571, 21
25.2607, 20
25.2638, 21
25.2671, 21
25.2705, 21
25.2732, 20
25.2762, 21
25.2792, 21
25.2823, 21
25.2851, 20
25.2881, 18
25.2910, 18
25.2944, 17
25.2974, 16
25.3002, 16
25.3033, 16
25.3064, 15
25.3094, 15
25.3123, 16
25.3153, 16
25.3181, 13
25.3211, 13
25.3239, 12
25.3271, 11
25.3300, 11
25.3330, 11
25.3358, 10
25.3383, 9
25.3415, 6
25.3445, 6
25.3475, 6
25.3505, 2
25.3537, 1
25.3565, 1
25.3595, 1
25.3624, 0
25.3651, 0
25.3682, 0
25.3711, 0
25.3741, 0
25.3769, 0
25.3803, 0
25.3831, 0
25.3852, 0
25.3880, 0
25.3907, 0
25.3935, 0
25.3963, 0
25.3989, 0
25.4026, 0
25.4049, 0
25.4071, 0
25.4095, 0
25.4111, 1
25.4130, 1
25.4154, 0
25.4178, 0
25.4208, 0
25.4231, 0
25.4260, 0
25.4284, 0
25.4307, 0
25.4333, 0
25.4357, 0
25.4396, 0
25.4405, 0
25.4430, 0
25.4454, 0
25.4479, 0
25.4503, 0
25.4528, 0
25.4552, 1
25.4577, 1
25.4601, 1
25.4626, 1
25.4650, 1
25.4674, 1
25.4696, 1
25.4720, 1
25.4745, 1
25.4768, 1
25.4792, 1
25.4816, 1
25.4840, 1
25.4864, 1
25.4888, 1
25.4913, 1
25.4937, 1
25.4960, 1
25.4984, 0
25.5008, 0
25.5032, 0
25.5055, 1
25.5079, 0
25.5104, 1
25.5128, 1
25.5151, 0
25.5176, 0
25.5199, 0
25.5224, 1
25.5248, 1
25.5281, 1
25.5299, 1
25.5321, 1
25.5330, 1
25.5360, 1
25.5370, 1
25.5398, 1
25.5427, 0
25.5441, 0
25.5462, 0
25.5481, 0
25.5511, 0
25.5529, 0
25.5543, 1
25.5565, 1
25.5585, 1
25.5608, 1
25.5627, 1
25.5654, 1
25.5679, 1
25.5697, 1
25.5712, 1
25.5730, 1
25.5758, 1
25.5773, 1
25.5795, 1
25.5827, 1
25.5843, 1
25.5857, 1
25.5883, 1
25.5905, 1
25.5919, 1
25.5940, 1
25.5961, 0
25.5982, 0
25.6002, 0
25.6023, 0
25.6050, 0
25.6063, 0
25.6084, 0
25.6104, 0
25.6124, 0
25.6146, 0
25.6166, 0
25.6188, 0
25.6216, 0
25.6230, 0
25.6265, 0
25.6297, 0
25.6330, 0
25.6364, 0
25.6398, 1
25.6424, 2
25.6453, 2
25.6475, 3
25.6509, 3
25.6546, 3
25.6575, 2
25.6605, 3
25.6629, 3
25.6664, 3
25.6693, 2
25.6723, 3
25.6751, 3
25.6780, 3
25.6806, 3
25.6828, 3
25.6862, 3
25.6895, 3
25.6918, 3
25.6943, 2
25.6971, 2
25.6995, 2
25.7022, 3
25.7050, 3
25.7071, 3
25.7091, 4
25.7112, 4
25.7126, 4
25.7153, 4
25.7167, 5
25.7183, 5
25.7195, 4
25.7204, 4
25.7310, 4
25.7348, 5
25.7355, 4
25.7363, 5
25.7371, 5
25.7379, 6
25.7433, 6
25.7441, 6
25.7503, 6
25.7578, 7
25.7595, 7
25.7613, 8
25.7628, 9
25.7649, 8
25.7667, 9
25.7688, 10
25.7704, 10
25.7754, 10
25.7770, 11
25.7783, 11
25.7799, 11
25.7817, 12
25.7838, 12
25.7852, 12
25.7868, 13
25.7881, 12
25.7899, 13
25.7915, 13
25.7929, 13
25.7945, 13
25.7963, 13
25.7977, 14
25.7997, 15
25.8013, 16
25.8026, 16
25.8043, 16
25.8059, 15
25.8074, 15
25.8090, 15
25.8108, 16
25.8125, 16
25.8137, 16
25.8151, 16
25.8171, 17
25.8187, 18
25.8203, 19
25.8217, 19
25.8232, 20
25.8247, 20
25.8262, 20
25.8280, 21
25.8293, 21
25.8309, 22
25.8325, 22
25.8344, 22
25.8363, 22
25.8377, 22
25.8396, 23
25.8410, 23
25.8426, 23
25.8443, 23
25.8453, 23
25.8464, 24
25.8474, 24
25.8491, 25
25.8502, 25
25.8518, 26
25.8529, 26
25.8539, 26
25.8550, 26
25.8573, 26
25.8581, 26
25.8589, 27
25.8618, 27
25.8626, 27
25.8658, 28
25.8666, 29
25.8674, 29
25.8681, 30
25.8689, 30
25.8698, 31
25.8705, 32
25.8774, 32
25.8782, 32
25.8790, 33
25.8798, 34
25.8805, 34
25.8863, 35
25.8880, 36
25.8899, 37
25.8907, 35
25.8914, 36
25.8984, 37
25.8989, 36
25.8995, 37
25.9004, 38
25.9014, 39
25.9027, 40
25.9045, 40
25.9067, 41
25.9086, 42
25.9105, 43
25.9139, 43
25.9168, 44
25.9193, 45
25.9211, 45
25.9249, 46
25.9272, 47
25.9297, 48
25.9320, 49
25.9344, 50
25.9366, 51
25.9391, 52
25.9416, 53
25.9444, 54
25.9457, 54
25.9468, 55
25.9492, 56
25.9520, 57
25.9549, 58
25.9727, 59
25.9737, 60
25.9747, 61
25.9757, 62
25.9768, 62
25.9779, 63
25.9796, 60
25.9807, 61
25.9817, 61
25.9827, 62
25.9837, 61
25.9944, 62
25.9955, 61
25.9965, 60
25.9976, 61
25.9990, 62
25.9999, 62
26.0010, 62
26.0021, 60
26.0032, 58
26.0043, 57
26.0182, 55
26.0289, 52
26.0299, 52
26.0309, 49
26.0319, 47
26.0334, 44
26.0352, 41
26.0370, 40
26.0387, 39
26.0397, 37
26.0405, 35
26.0413, 34
26.0420, 33
26.0427, 31
26.0434, 30
26.0442, 28
26.0449, 27
26.0456, 26
26.0463, 24
26.0581, 23
26.0597, 22
26.0613, 21
26.0620, 19
26.0629, 18
26.0643, 16
26.0655, 15
26.0664, 14
26.0673, 13
26.0684, 11
26.0693, 12
26.0701, 12
26.0736, 11
26.0750, 11
26.0769, 11
26.0790, 11
26.0814, 11
26.0835, 10
26.0855, 10
26.0873, 10
26.0903, 10
26.0929, 10
26.1063, 9
26.1079, 9
26.1094, 9
26.1117, 9
26.1126, 8
26.1142, 8
26.1160, 9
26.1177, 9
26.1189, 9
26.1206, 9
26.1223, 9
26.1250, 8
26.1266, 9
26.1286, 9
26.1290, 9
26.1374, 9
26.1407, 9
26.1434, 9
26.1444, 9
26.1461, 9
26.1470, 10
26.1479, 10
26.1488, 10
26.1504, 10
26.1523, 10
26.1570, 10
26.1593, 10
26.1605, 10
26.1623, 10
26.1646, 10
26.1655, 10
26.1673, 10
26.1685, 10
26.1702, 10
26.1737, 10
26.1753, 10
26.1760, 10
26.1769, 9
26.1778, 9
26.1784, 9
26.1859, 8
26.1870, 8
26.1879, 7
26.1926, 7
26.1936, 6
26.1946, 6
26.1955, 6
26.1964, 5
26.1973, 5
26.1982, 5
26.1990, 3
26.1999, 2
26.2008, 3
26.2024, 2
26.2042, 2
26.2051, 2
26.2077, 2
26.2159, 2
26.2166, 2
26.2182, 2
26.2199, 2
26.2216, 3
26.2226, 3
26.2235, 3
26.2246, 4
26.2385, 5
26.2457, 5
26.2467, 6
26.2590, 6
26.2615, 7
26.2633, 8
26.2659, 9
26.2687, 9
26.2808, 10
26.2849, 11
26.2869, 12
26.2895, 12
26.2943, 12
26.2952, 12
26.2975, 12
26.2994, 11
26.3013, 12
26.3039, 13
26.3070, 12
26.3078, 11
26.3092, 11
26.3111, 10
26.3132, 10
26.3163, 10
26.3196, 10
26.3215, 10
26.3245, 0
26.3270, 0
26.3286, 0
26.3294, 0
26.3302, 0
26.3310, 0
26.3337, 0
26.3346, 0
26.3365, 0
26.3380, 0
26.3405, 0
26.3434, 0
26.3443, 0
26.3452, 0
26.3461, 0
26.3488, 0
26.3536, 0
26.3548, 0
26.3571, 0
26.3585, 0
26.3602, 0
26.3621, 0
26.3634, 0
26.3643, 0
26.3662, 0
26.3667, 0
26.3671, 0
26.3690, 0
26.3737, 0
26.3771, 0
26.3782, 0
26.3798, 0
26.3804, 0
26.3811, 0
26.3842, 0
26.3862, 0
26.3881, 0
26.3900, 0
26.3917, 0
26.3933, 0
26.3944, 0
26.3954, 0
26.3971, 0
26.4014, 0
26.4029, 0
26.4044, 0
26.4058, 0
26.4070, 0
26.4079, 0
26.4090, 0
26.4101, 0
26.4118, 0
26.4132, 0
26.4144, 0
26.4160, 0
26.4181, 0
26.4196, 0
26.4222, 0
26.4231, 0
26.4245, 0
26.4293, 0
26.4314, 0
26.4366, 0
26.4386, 0
26.4395, 0
26.4411, 0
26.4425, 0
26.4456, 0
26.4465, 0
26.4475, 0
26.4503, 0
26.4528, 0
26.4702, 0
26.4724, 0
26.4750, 0
26.4760, 0
26.4779, 0
26.4795, 0
26.4815, 0
26.4834, 0
26.4853, 0
26.4880, 0
26.4891, 0
26.4904, 0
26.4923, 0
26.5053, 0
26.5073, 0
26.5082, 0
26.5149, 0
26.5167, 0
26.5202, 0
26.5218, 0
26.5238, 0
26.5263, 0
26.5294, 0
26.5311, 0
26.5322, 0
26.5410, 0
26.5452, 0
26.5511, 0
26.5520, 0
26.5529, 0
26.5561, 0
26.5650, 0
26.5680, 0
26.5711, 0
26.5737, 0
26.5777, 0
26.5798, 0
26.5926, 0
26.5977, 0
26.5992, 0
26.6017, 0
26.6063, 0
26.6072, 0
26.6081, 0
26.6090, 0
26.6149, 0
26.6245, 0
26.6416, 0
26.6423, 0
26.6430, 0
26.6450, 0
26.6470, 0
26.6488, 0
26.6531, 0
26.6546, 0
26.6702, 0
26.6721, 0
26.6737, 0
26.6759, 0
26.6821, 0
26.6862, 0
26.6889, 0
26.6950, 0
26.6963, 0
26.7086, 0
26.7117, 0
26.7132, 0
26.7183, 1
26.7290, 0
26.7370, 0
26.7412, 0
26.7420, 0
26.7435, 0
26.7464, 0
26.7484, 0
26.7515, 0
26.7525, 0
26.7540, 0
26.7562, 0
26.7569, 0
26.7576, 0
26.7583, 0
26.7590, 0
26.7597, 0
26.7603, 0
26.7610, 0
26.7617, 0
26.7623, 0
26.7631, 0
26.7638, 0
26.7644, 0
26.7651, 0
26.7658, 0
26.7665, 0
26.7671, 0
26.7696, 0
26.7730, 0
26.7749, 0
26.7768, 0
26.7788, 0
26.7797, 0
26.7806, 0
26.7829, 0
26.7837, 0
26.7847, 0
26.7861, 0
26.7879, 0
26.7909, 0
26.7943, 0
26.7974, 0
26.8014, 0
26.8055, 0
26.8247, 0
26.8337, 0
26.8346, 0
26.8356, 0
26.8364, 0
26.8373, 0
26.8382, 0
26.8392, 0
26.8401, 1
26.8410, 1
26.8419, 0
26.8428, 0
26.8437, 0
26.8446, 0
26.8454, 0
26.8462, 0
26.8471, 0
26.8479, 0
26.8483, 0
26.8488, 0
26.8545, 0
26.8565, 0
26.8592, 0
26.8612, 0
26.8632, 0
26.8658, 0
26.8672, 0
26.8682, 0
26.8715, 0
26.8865, 0
26.8874, 0
26.8886, 0
26.8945, 0
26.8956, 0
26.8982, 0
26.9019, 0
26.9032, 0
26.9057, 0
26.9075, 0
26.9107, 0
26.9116, 0
26.9126, 0
26.9136, 0
26.9154, 0
26.9171, 0
26.9189, 0
26.9208, 0
26.9234, 0
26.9244, 0
26.9253, 0
26.9272, 0
26.9294, 0
26.9312, 0
26.9323, 0
26.9384, 0
26.9424, 0
26.9440, 0
26.9446, 0
26.9500, 0
26.9508, 0
26.9537, 0
26.9555, 0
26.9588, 0
26.9632, 0
26.9659, 0
26.9676, 0
26.9692, 0
26.9715, 0
26.9771, 0
26.9783, 0
26.9805, 0
26.9814, 0
26.9824, 0
26.9833, 0
26.9897, 0
26.9906, 0
26.9915, 0
26.9925, 0
26.9933, 0
26.9942, 0
26.9948, 0
26.9958, 0
26.9982, 0
26.9990, 0
27.0029, 0
27.0064, 0
27.0078, 0
27.0092, 0
27.0178, 0
27.0204, 0
27.0237, 0
27.0256, 0
27.0364, 0
27.0377, 0
27.0401, 0
27.0420, 0
27.0427, 0
27.0435, 0
27.0446, 0
27.0457, 0
27.0557, 1
27.0570, 1
27.0605, 1
27.0652, 1
27.0661, 0
27.0670, 0
27.0678, 0
27.0687, 0
27.0696, 0
27.0705, 0
27.0715, 0
27.0724, 0
27.0733, 0
27.0742, 0
27.0782, 0
27.0812, 0
27.0827, 0
27.0843, 0
27.0861, 0
27.0872, 0
27.0889, 0
27.0906, 0
27.0915, 0
27.0924, 0
27.0935, 0
27.0955, 0
27.0971, 0
27.0981, 0
27.0999, 0
27.1039, 0
27.1049, 0
27.1059, 0
27.1069, 0
27.1079, 0
27.1090, 0
27.1107, 0
27.1120, 0
27.1135, 0
27.1150, 0
27.1167, 0
27.1183, 0
27.1196, 0
27.1214, 0
27.1231, 0
27.1246, 0
27.1261, 0
27.1279, 0
27.1307, 0
27.1317, 0
27.1327, 0
27.1344, 0
27.1356, 0
27.1371, 0
27.1385, 0
27.1402, 0
27.1417, 0
27.1434, 0
27.1449, 0
27.1466, 0
27.1480, 0
27.1496, 0
27.1510, 0
27.1572, 0
27.1587, 0
27.1608, 1
27.1629, 1
27.1648, 0
27.1677, 0
27.1689, 0
27.1701, 0
27.1717, 0
27.1728, 0
27.1736, 0
27.1753, 0
27.1766, 0
27.1781, 0
27.1788, 0
27.1805, 0
27.1821, 0
27.1834, 0
27.1842, 0
27.1852, 0
27.1878, 0
27.1899, 0
27.1908, 0
27.1918, 0
27.1932, 0
27.1942, 0
27.1970, 0
27.1989, 1
27.2002, 0
27.2013, 0
27.2030, 0
27.2043, 0
27.2064, 0
27.2080, 0
27.2090, 0
27.2099, 1
27.2108, 0
27.2147, 0
27.2163, 0
27.2190, 0
27.2203, 0
27.2219, 0
27.2233, 0
27.2252, 0
27.2266, 0
27.2277, 0
27.2286, 0
27.2303, 0
27.2321, 0
27.2336, 0
27.2361, 0
27.2371, 0
27.2381, 0
27.2390, 0
27.2417, 0
27.2439, 0
27.2458, 0
27.2476, 0
27.2497, 0
27.2519, 0
27.2538, 1
27.2560, 0
27.2590, 0
27.2610, 0
27.2631, 0
27.2640, 0
27.2698, 0
27.2745, 0
27.2765, 0
27.2782, 0
27.2804, 0
27.2819, 0
27.2826, 0
27.2833, 0
27.2840, 0
27.2847, 0
27.2858, 0
27.2874, 0
27.2889, 0
27.2908, 0
27.2918, 0
27.2927, 0
27.3013, 0
27.3037, 0
27.3094, 0
27.3117, 0
27.3141, 0
27.3165, 0
27.3264, 0
27.3297, 0
27.3314, 0
27.3328, 0
27.3357, 0
27.3385, 0
27.3409, 0
27.3416, 0
27.3423, 0
27.3430, 0
27.3437, 0
27.3453, 0
27.3475, 0
27.3488, 0
27.3497, 0
27.3506, 0
27.3515, 0
27.3526, 0
27.3538, 0
27.3547, 0
27.3556, 0
27.3566, 0
27.3579, 0
27.3590, 0
27.3602, 0
27.3616, 0
27.3635, 0
27.3648, 0
27.3664, 0
27.3680, 0
27.3693, 0
27.3702, 0
27.3713, 0
27.3728, 0
27.3737, 0
27.3753, 0
27.3759, 0
27.3780, 0
27.3789, 0
27.3798, 0
27.3807, 0
27.3826, 0
27.3845, 0
27.3867, 0
27.3880, 0
27.3890, 0
27.3899, 0
27.3941, 0
27.3960, 0
27.3977, 0
27.4015, 0
27.4046, 1
27.4065, 2
27.4082, 2
27.4096, 3
27.4111, 3
27.4126, 0
27.4136, 0
27.4143, 0
27.4150, 0
27.4158, 0
27.4162, 0
27.4166, 0
27.4177, 0
27.4186, 0
27.4195, 0
27.4209, 0
27.4226, 0
27.4240, 0
27.4249, 0
27.4258, 0
27.4272, 0
27.4287, 0
27.4305, 0
27.4320, 0
27.4333, 0
27.4344, 0
27.4359, 0
27.4374, 0
27.4393, 0
27.4408, 0
27.4425, 0
27.4434, 0
27.4449, 0
27.4461, 0
27.4479, 0
27.4494, 0
27.4511, 0
27.4551, 0
27.4569, 0
27.4586, 0
27.4602, 1
27.4619, 1
27.4635, 1
27.4650, 2
27.4668, 2
27.4686, 2
27.4699, 2
27.4716, 3
27.4738, 3
27.4764, 3
27.4848, 3
27.4862, 2
27.4887, 3
27.4911, 4
27.4924, 0
27.4941, 0
27.4951, 0
27.4960, 0
27.4969, 0
27.4978, 0
27.4988, 0
27.5023, 0
27.5041, 0
27.5056, 0
27.5079, 0
27.5099, 0
27.5120, 1
27.5140, 2
27.5160, 2
27.5182, 3
27.5205, 3
27.5224, 4
27.5247, 4
27.5268, 5
27.5288, 5
27.5308, 6
27.5331, 6
27.5364, 6
27.5379, 5
27.5401, 4
27.5413, 3
27.5439, 2
27.5458, 1
27.5575, 0
27.5590, 0
27.5611, 0
27.5626, 0
27.5654, 0
27.5669, 0
27.5679, 0
27.5701, 0
27.5722, 0
27.5739, 0
27.5755, 0
27.5765, 0
27.5777, 0
27.5788, 1
27.5802, 2
27.5822, 3
27.5838, 4
27.5853, 5
27.5865, 6
27.5878, 7
27.5892, 8
27.5912, 9
27.5926, 10
27.5941, 11
27.5958, 12
27.5978, 12
27.5997, 12
27.6014, 13
27.6031, 13
27.6051, 14
27.6070, 14
27.6084, 14
27.6103, 15
27.6122, 15
27.6141, 16
27.6157, 17
27.6174, 18
27.6192, 18
27.6211, 18
27.6232, 19
27.6247, 19
27.6259, 20
