1.3916, 0
1.3949, 0
1.3980, 0
1.3997, 0
1.4036, 0
1.4058, 0
1.4155, 0
1.4185, 0
1.4209, 0
1.4265, 0
1.4282, 0
1.4313, 0
1.4339, 0
1.4397, 0
1.4412, 0
1.4478, 0
1.4532, 0
1.4568, 0
1.4585, 0
1.4623, 0
1.4651, 0
1.4683, 0
1.4702, 0
1.4764, 0
1.4799, 0
1.4851, 0
1.4882, 0
1.4926, 0
1.4972, 0
1.5011, 0
1.5054, 0
1.5108, 0
1.5132, 0
1.5161, 0
1.5190, 0
1.5205, 0
1.5232, 0
1.5250, 0
1.5279, 0
1.5320, 0
1.5338, 0
1.5359, 0
1.5385, 0
1.5414, 0
1.5442, 0
1.5465, 1
1.5487, 0
1.5522, 0
1.5541, 0
1.5569, 0
1.5594, 0
1.5640, 0
1.5668, 0
1.5696, 0
1.5727, 0
1.5753, 0
1.5789, 0
1.5815, 0
1.5849, 0
1.5876, 0
1.5907, 0
1.5940, 0
1.5963, 0
1.5984, 0
1.6005, 0
1.6043, 0
1.6064, 0
1.6096, 0
1.6117, 0
1.6140, 0
1.6169, 0
1.6196, 0
1.6234, 0
1.6264, 0
1.6296, 0
1.6324, 0
1.6358, 0
1.6398, 0
1.6410, 0
1.6447, 0
1.6471, 1
1.6497, 0
1.6524, 0
1.6545, 0
1.6580, 0
1.6627, 0
1.6643, 0
1.6673, 0
1.6706, 0
1.6731, 0
1.6778, 0
1.6803, 0
1.6826, 0
1.6859, 0
1.6875, 0
1.6901, 0
1.6933, 0
1.6951, 0
1.6970, 0
1.6990, 0
1.7015, 0
1.7041, 0
1.7064, 0
1.7090, 0
1.7114, 0
1.7137, 0
1.7170, 0
1.7184, 0
1.7205, 0
1.7223, 0
1.7280, 1
1.7302, 2
1.7324, 1
1.7355, 0
1.7381, 0
1.7415, 0
1.7454, 0
1.7484, 0
1.7526, 0
1.7549, 0
1.7578, 0
1.7612, 0
1.7642, 0
1.7673, 0
1.7700, 0
1.7725, 0
1.7756, 0
1.7774, 0
1.7807, 0
1.7840, 0
1.7854, 0
1.7871, 0
1.7899, 0
1.7918, 0
1.7955, 0
1.7986, 0
1.8017, 1
1.8063, 0
1.8094, 0
1.8119, 0
1.8142, 0
1.8169, 0
1.8190, 0
1.8219, 0
1.8240, 0
1.8259, 0
1.8286, 0
1.8310, 0
1.8342, 1
1.8362, 0
1.8383, 0
1.8396, 1
1.8430, 0
1.8454, 2
1.8478, 2
1.8507, 3
1.8528, 4
1.8580, 4
1.8612, 1
1.8647, 0
1.8680, 0
1.8707, 0
1.8731, 0
1.8757, 0
1.8772, 0
1.8796, 0
1.8814, 0
1.8842, 0
1.8870, 0
1.8898, 0
1.8928, 0
1.8948, 0
1.8969, 0
1.8993, 0
1.9014, 1
1.9035, 2
1.9074, 0
1.9109, 0
1.9136, 0
1.9167, 0
1.9192, 0
1.9211, 0
1.9238, 0
1.9282, 0
1.9323, 0
1.9358, 0
1.9396, 0
1.9405, 0
1.9482, 1
1.9529, 0
1.9563, 1
1.9579, 1
1.9614, 2
1.9642, 2
1.9666, 2
1.9700, 3
1.9724, 3
1.9756, 4
1.9780, 3
1.9807, 5
1.9832, 4
1.9862, 6
1.9895, 3
1.9918, 1
1.9955, 1
1.9977, 0
2.0009, 0
2.0034, 0
2.0066, 2
2.0100, 4
2.0125, 5
2.0173, 6
2.0190, 7
2.0212, 9
2.0232, 10
2.0253, 11
2.0283, 11
2.0307, 11
2.0339, 12
2.0379, 14
2.0403, 13
2.0436, 15
2.0477, 17
2.0497, 16
2.0525, 16
2.0559, 16
2.0636, 17
2.0694, 18
2.0759, 18
2.0809, 20
2.0854, 17
2.0888, 12
2.0918, 9
2.0942, 9
2.0976, 9
2.1009, 6
2.1033, 6
2.1069, 6
2.1089, 5
2.1121, 5
2.1147, 4
2.1162, 4
2.1187, 3
2.1222, 3
2.1235, 2
2.1262, 2
2.1281, 2
2.1333, 1
2.1392, 0
2.1401, 0
2.1411, 0
2.1427, 0
2.1451, 0
2.1482, 0
2.1513, 0
2.1538, 0
2.1589, 2
2.1600, 3
2.1627, 5
2.1658, 7
2.1682, 8
2.1713, 10
2.1746, 12
2.1768, 13
2.1802, 15
2.1834, 11
2.1855, 10
2.1888, 9
2.1919, 4
2.1942, 3
2.1975, 0
2.2009, 0
2.2030, 0
2.2062, 0
2.2086, 0
2.2119, 0
2.2150, 0
2.2173, 0
2.2208, 0
2.2232, 0
2.2264, 0
2.2286, 0
2.2319, 0
2.2352, 0
2.2376, 0
2.2408, 0
2.2440, 0
2.2464, 0
2.2496, 0
2.2518, 0
2.2553, 0
2.2584, 0
2.2608, 0
2.2641, 0
2.2673, 0
2.2699, 0
2.2736, 0
2.2768, 0
2.2790, 0
2.2826, 0
2.2852, 0
2.2881, 0
2.2916, 0
2.2944, 0
2.2968, 0
2.2994, 0
2.3018, 0
2.3050, 0
2.3071, 0
2.3107, 0
2.3120, 0
2.3151, 0
2.3179, 0
2.3210, 0
2.3228, 0
2.3261, 0
2.3283, 0
2.3315, 2
2.3338, 0
2.3373, 0
2.3407, 0
2.3425, 0
2.3465, 0
2.3483, 0
2.3518, 2
2.3538, 2
2.3571, 4
2.3595, 4
2.3625, 4
2.3644, 4
2.3670, 5
2.3697, 6
2.3720, 6
2.3752, 6
2.3775, 7
2.3806, 7
2.3831, 8
2.3854, 8
2.3886, 8
2.3910, 9
2.3941, 8
2.3963, 7
2.3994, 9
2.4019, 9
2.4050, 10
2.4072, 11
2.4103, 11
2.4134, 12
2.4157, 11
2.4187, 13
2.4212, 13
2.4244, 13
2.4266, 14
2.4290, 15
2.4321, 15
2.4344, 15
2.4383, 16
2.4406, 17
2.4438, 16
2.4479, 16
2.4522, 16
2.4543, 17
2.4568, 17
2.4598, 17
2.4623, 18
2.4654, 20
2.4677, 21
2.4709, 21
2.4731, 20
2.4761, 21
2.4785, 19
2.4816, 19
2.4841, 20
2.4872, 20
2.4904, 18
2.4928, 19
2.4958, 18
2.4981, 19
2.5005, 18
2.5036, 20
2.5069, 22
2.5098, 23
2.5110, 25
2.5134, 26
2.5165, 28
2.5189, 28
2.5221, 30
2.5246, 29
2.5285, 30
2.5301, 31
2.5334, 31
2.5359, 32
2.5391, 33
2.5415, 33
2.5448, 33
2.5479, 34
2.5504, 35
2.5536, 34
2.5556, 34
2.5591, 19
2.5605, 20
2.5645, 21
2.5668, 21
2.5682, 22
2.5693, 23
2.5712, 23
2.5754, 24
2.5779, 25
2.5810, 25
2.5835, 26
2.5853, 24
2.5887, 25
2.5905, 26
2.5928, 27
2.5953, 28
2.5980, 29
2.6005, 30
2.6028, 31
2.6041, 32
2.6074, 32
2.6098, 34
2.6121, 34
2.6147, 35
2.6174, 34
2.6201, 33
2.6223, 30
2.6273, 30
2.6282, 29
2.6291, 30
2.6301, 30
2.6338, 30
2.6361, 31
2.6391, 30
2.6402, 31
2.6457, 31
2.6480, 32
2.6498, 32
2.6520, 33
2.6538, 33
2.6555, 33
2.6593, 34
2.6616, 33
2.6673, 35
2.6694, 35
2.6717, 36
2.6738, 37
2.6763, 38
2.6788, 38
2.6810, 36
2.6853, 37
2.6890, 37
2.6934, 37
2.6972, 38
2.6990, 38
2.7031, 38
2.7070, 38
2.7080, 36
2.7153, 37
2.7176, 38
2.7192, 39
2.7222, 38
2.7240, 39
2.7261, 38
2.7288, 39
2.7331, 40
2.7362, 40
2.7400, 41
2.7423, 42
2.7447, 42
2.7507, 43
2.7530, 43
2.7560, 45
2.7596, 45
2.7623, 45
2.7650, 45
2.7681, 47
2.7721, 45
2.7752, 44
2.7775, 45
2.7802, 44
2.7828, 45
2.7857, 44
2.7871, 43
2.7887, 43
2.7919, 43
2.7933, 45
2.7960, 46
2.7988, 48
2.8018, 49
2.8044, 51
2.8074, 52
2.8104, 53
2.8132, 53
2.8160, 53
2.8188, 54
2.8216, 54
2.8244, 56
2.8273, 56
2.8309, 57
2.8337, 58
2.8363, 58
2.8392, 59
2.8419, 58
2.8445, 59
2.8473, 58
2.8498, 59
2.8532, 59
2.8568, 59
2.8605, 58
2.8641, 57
2.8679, 59
2.8717, 58
2.8746, 58
2.8770, 59
2.8796, 59
2.8815, 60
2.8846, 62
2.8881, 62
2.8914, 63
2.8938, 63
2.8980, 63
2.8990, 63
2.9001, 62
2.9028, 63
2.9059, 46
2.9088, 46
2.9117, 45
2.9143, 46
2.9171, 45
2.9207, 47
2.9246, 48
2.9280, 47
2.9310, 49
2.9339, 50
2.9377, 51
2.9412, 51
2.9451, 50
2.9483, 51
2.9517, 51
2.9548, 51
2.9574, 52
2.9605, 52
2.9633, 52
2.9656, 52
2.9679, 52
2.9693, 53
2.9717, 53
2.9739, 52
2.9753, 53
2.9781, 53
2.9806, 51
2.9840, 52
2.9872, 53
2.9893, 53
2.9931, 53
2.9968, 53
2.9984, 51
3.0025, 52
3.0059, 52
3.0085, 52
3.0132, 52
3.0171, 53
3.0210, 53
3.0253, 52
3.0301, 53
3.0342, 52
3.0380, 53
3.0410, 53
3.0439, 53
3.0469, 54
3.0499, 54
3.0528, 54
3.0558, 54
3.0587, 55
3.0613, 56
3.0642, 55
3.0675, 55
3.0713, 56
3.0745, 55
3.0766, 56
3.0787, 55
3.0808, 57
3.0829, 57
3.0861, 56
3.0887, 57
3.0905, 56
3.0927, 57
3.0942, 55
3.0959, 54
3.0980, 55
3.1011, 55
3.1043, 55
3.1072, 56
3.1084, 55
3.1098, 55
3.1112, 55
3.1129, 54
3.1150, 55
3.1191, 56
3.1210, 55
3.1231, 56
3.1266, 56
3.1290, 55
3.1314, 57
3.1339, 57
3.1374, 58
3.1398, 59
3.1426, 59
3.1459, 61
3.1495, 61
3.1519, 62
3.1550, 63
3.1577, 63
3.1607, 63
3.1642, 63
3.1677, 63
3.1718, 63
3.1755, 62
3.1801, 62
3.1843, 63
3.1877, 63
3.1900, 62
3.1927, 60
3.1956, 61
3.1983, 61
3.2010, 62
3.2040, 61
3.2065, 62
3.2095, 61
3.2126, 62
3.2156, 63
3.2188, 62
3.2216, 63
3.2252, 62
3.2280, 62
3.2305, 62
3.2349, 63
3.2385, 62
3.2414, 63
3.2439, 62
3.2471, 62
3.2492, 63
3.2522, 63
3.2543, 62
3.2569, 63
3.2585, 62
3.2599, 63
3.2610, 63
3.2625, 63
3.2650, 62
3.2672, 61
3.2694, 60
3.2717, 60
3.2739, 58
3.2759, 60
3.2782, 53
3.2805, 49
3.2827, 46
3.2848, 47
3.2870, 46
3.2892, 47
3.2916, 46
3.2938, 46
3.2959, 47
3.2981, 47
3.3003, 47
3.3026, 47
3.3053, 46
3.3076, 47
3.3099, 48
3.3121, 47
3.3142, 48
3.3164, 49
3.3187, 48
3.3210, 48
3.3232, 47
3.3265, 49
3.3296, 50
3.3326, 49
3.3351, 51
3.3375, 52
3.3394, 53
3.3417, 53
3.3444, 54
3.3474, 55
3.3509, 56
3.3537, 56
3.3568, 58
3.3598, 58
3.3632, 59
3.3665, 60
3.3692, 60
3.3719, 61
3.3742, 61
3.3763, 62
3.3786, 63
3.3805, 63
3.3827, 63
3.3848, 63
3.3874, 63
3.3896, 63
3.3920, 63
3.3938, 63
3.3961, 62
3.3982, 59
3.4005, 53
3.4026, 52
3.4051, 47
3.4077, 44
3.4100, 40
3.4129, 39
3.4151, 39
3.4181, 39
3.4204, 38
3.4236, 37
3.4268, 36
3.4291, 36
3.4321, 36
3.4353, 35
3.4374, 34
3.4406, 34
3.4437, 33
3.4467, 33
3.4498, 32
3.4529, 31
3.4551, 30
3.4576, 29
3.4594, 28
3.4618, 27
3.4655, 26
3.4685, 25
3.4718, 24
3.4740, 22
3.4759, 22
3.4789, 20
3.4808, 20
3.4845, 18
3.4884, 16
3.4918, 15
3.4949, 13
3.4985, 12
3.5023, 10
3.5064, 8
3.5096, 7
3.5122, 5
3.5166, 3
3.5202, 3
3.5234, 0
3.5249, 0
3.5273, 0
3.5297, 0
3.5327, 0
3.5353, 0
3.5377, 2
3.5403, 3
3.5429, 2
3.5454, 0
3.5480, 0
3.5505, 0
3.5529, 0
3.5556, 0
3.5586, 0
3.5611, 0
3.5642, 0
3.5666, 0
3.5690, 0
3.5717, 0
3.5745, 0
3.5780, 0
3.5812, 0
3.5846, 0
3.5877, 0
3.5901, 0
3.5931, 0
3.5960, 1
3.6002, 3
3.6038, 2
3.6072, 4
3.6103, 5
3.6134, 5
3.6174, 7
3.6206, 8
3.6238, 6
3.6267, 3
3.6295, 0
3.6321, 0
3.6336, 0
3.6348, 0
3.6363, 0
3.6379, 0
3.6398, 0
3.6438, 0
3.6468, 0
3.6491, 0
3.6508, 0
3.6523, 0
3.6539, 0
3.6582, 0
3.6622, 0
3.6644, 0
3.6675, 0
3.6707, 0
3.6752, 0
3.6849, 1
3.6864, 3
3.6883, 4
3.6901, 6
3.6929, 6
3.6963, 8
3.6996, 9
3.7028, 11
3.7060, 12
3.7080, 14
3.7090, 14
3.7109, 16
3.7119, 18
3.7137, 18
3.7154, 20
3.7164, 20
3.7181, 20
3.7199, 16
3.7208, 16
3.7230, 14
3.7258, 12
3.7275, 12
3.7305, 9
3.7328, 8
3.7353, 7
3.7377, 6
3.7395, 6
3.7421, 7
3.7436, 8
3.7461, 10
3.7485, 11
3.7502, 12
3.7526, 14
3.7550, 14
3.7568, 15
3.7599, 13
3.7616, 12
3.7644, 14
3.7689, 15
3.7706, 15
3.7741, 17
3.7776, 18
3.7810, 19
3.7845, 20
3.7878, 22
3.7911, 23
3.7941, 24
3.7969, 26
3.8002, 26
3.8032, 28
3.8065, 29
3.8103, 31
3.8134, 31
3.8165, 33
3.8195, 35
3.8239, 36
3.8256, 38
3.8297, 38
3.8314, 40
3.8355, 41
3.8371, 42
3.8409, 44
3.8441, 45
3.8469, 47
3.8505, 48
3.8540, 49
3.8567, 49
3.8597, 47
3.8634, 45
3.8664, 44
3.8697, 42
3.8726, 41
3.8755, 38
3.8785, 37
3.8821, 39
3.8849, 40
3.8901, 41
3.8930, 43
3.8959, 44
3.8976, 45
3.9020, 47
3.9032, 48
3.9051, 47
3.9073, 47
3.9119, 47
3.9162, 47
3.9191, 49
3.9217, 46
3.9246, 45
3.9278, 43
3.9316, 41
3.9350, 39
3.9374, 38
3.9399, 37
3.9423, 35
3.9447, 33
3.9480, 30
3.9511, 30
3.9540, 30
3.9574, 31
3.9607, 31
3.9634, 29
3.9666, 28
3.9698, 28
3.9731, 28
3.9769, 28
3.9807, 28
3.9852, 27
3.9918, 27
3.9935, 27
3.9958, 27
3.9971, 27
3.9983, 25
3.9995, 25
4.0020, 24
4.0056, 24
4.0083, 22
4.0123, 21
4.0151, 21
4.0177, 21
4.0211, 22
4.0239, 23
4.0275, 23
4.0305, 24
4.0331, 25
4.0365, 26
4.0394, 27
4.0423, 27
4.0465, 27
4.0478, 29
4.0527, 29
4.0566, 29
4.0606, 30
4.0635, 31
4.0661, 31
4.0740, 31
4.0774, 33
4.0806, 33
4.0855, 35
4.0891, 35
4.0920, 35
4.0950, 37
4.0969, 37
4.1003, 37
4.1031, 38
4.1072, 39
4.1100, 39
4.1141, 41
4.1171, 39
4.1200, 41
4.1231, 43
4.1241, 41
4.1292, 43
4.1301, 37
4.1342, 31
4.1384, 33
4.1416, 29
4.1452, 31
4.1486, 33
4.1529, 35
4.1560, 37
4.1592, 39
4.1603, 41
4.1641, 43
4.1651, 45
4.1678, 45
4.1711, 47
4.1741, 49
4.1775, 51
4.1814, 53
4.1841, 55
4.1875, 47
4.1905, 49
4.1947, 51
4.1981, 53
4.2025, 55
4.2064, 57
4.2100, 59
4.2142, 49
4.2179, 51
4.2212, 53
4.2253, 54
4.2282, 56
4.2316, 51
4.2355, 52
4.2385, 54
4.2422, 52
4.2445, 52
4.2477, 54
4.2515, 56
4.2545, 58
4.2585, 58
4.2619, 60
4.2654, 61
4.2686, 62
4.2720, 63
4.2757, 63
4.2816, 63
4.2838, 63
4.2864, 63
4.2897, 62
4.2928, 63
4.2971, 63
4.3003, 63
4.3040, 62
4.3070, 63
4.3101, 63
4.3127, 63
4.3155, 63
4.3194, 63
4.3240, 63
4.3269, 54
4.3296, 55
4.3375, 54
4.3385, 53
4.3405, 51
4.3438, 49
4.3464, 47
4.3489, 45
4.3514, 43
4.3543, 42
4.3575, 41
4.3599, 39
4.3676, 38
4.3688, 36
4.3700, 36
4.3711, 33
4.3723, 31
4.3736, 30
4.3757, 29
4.3781, 27
4.3805, 26
4.3830, 24
4.3855, 22
4.3880, 20
4.3906, 19
4.3931, 17
4.3955, 15
4.3981, 13
4.4005, 12
4.4029, 11
4.4066, 9
4.4093, 6
4.4117, 5
4.4143, 3
4.4167, 1
4.4194, 0
4.4218, 0
4.4234, 0
4.4263, 0
4.4290, 0
4.4321, 0
4.4346, 0
4.4369, 0
4.4394, 0
4.4419, 0
4.4439, 0
4.4467, 0
4.4493, 0
4.4517, 0
4.4542, 0
4.4563, 0
4.4587, 0
4.4618, 0
4.4643, 0
4.4671, 0
4.4696, 0
4.4720, 0
4.4745, 0
4.4769, 0
4.4794, 0
4.4820, 0
4.4844, 0
4.4869, 1
4.4894, 2
4.4918, 3
4.4944, 1
4.4967, 1
4.4992, 0
4.5016, 1
4.5041, 1
4.5065, 3
4.5092, 3
4.5117, 5
4.5144, 6
4.5170, 7
4.5195, 9
4.5236, 10
4.5273, 11
4.5318, 11
4.5389, 2
4.5453, 0
4.5493, 0
4.5509, 1
4.5541, 0
4.5575, 0
4.5606, 0
4.5637, 0
4.5667, 0
4.5698, 0
4.5728, 0
4.5750, 0
4.5773, 0
4.5804, 0
4.5828, 0
4.5867, 0
4.5899, 0
4.5931, 0
4.5964, 1
4.5995, 2
4.6018, 0
4.6054, 1
4.6092, 4
4.6124, 4
4.6156, 6
4.6188, 5
4.6220, 5
4.6253, 6
4.6285, 5
4.6318, 7
4.6350, 7
4.6380, 7
4.6414, 8
4.6446, 9
4.6477, 8
4.6503, 5
4.6545, 6
4.6578, 6
4.6610, 8
4.6640, 10
4.6673, 10
4.6708, 8
4.6742, 9
4.6772, 7
4.6812, 7
4.6843, 4
4.6861, 5
4.6900, 5
4.6935, 4
4.6972, 5
4.7014, 6
4.7060, 6
4.7094, 7
4.7117, 7
4.7154, 8
4.7195, 9
4.7226, 10
4.7264, 11
4.7300, 10
4.7328, 9
4.7362, 6
4.7401, 5
4.7427, 3
4.7457, 1
4.7494, 0
4.7518, 1
4.7545, 1
4.7580, 1
4.7612, 0
4.7644, 0
4.7674, 0
4.7700, 0
4.7730, 0
4.7762, 0
4.7789, 0
4.7815, 0
4.7854, 0
4.7891, 0
4.7933, 0
4.7947, 1
4.7967, 0
4.7984, 0
4.8009, 0
4.8044, 1
4.8085, 0
4.8126, 0
4.8163, 2
4.8200, 2
4.8225, 3
4.8268, 0
4.8302, 2
4.8337, 3
4.8346, 0
4.8384, 0
4.8427, 0
4.8455, 0
4.8480, 0
4.8509, 0
4.8564, 0
4.8580, 0
4.8686, 0
4.8696, 0
4.8704, 0
4.8714, 0
4.8758, 0
4.8767, 0
4.8792, 0
4.8816, 0
4.8840, 0
4.8863, 0
4.8886, 0
4.8911, 0
4.8944, 0
4.8969, 0
4.8998, 0
4.9030, 0
4.9059, 0
4.9089, 0
4.9128, 0
4.9157, 0
4.9199, 0
4.9221, 0
4.9251, 1
4.9286, 0
4.9305, 0
4.9334, 0
4.9362, 1
4.9387, 3
4.9444, 5
4.9464, 7
4.9514, 5
4.9540, 7
4.9560, 7
4.9582, 3
4.9622, 0
4.9650, 0
4.9671, 0
4.9700, 0
4.9723, 0
4.9754, 0
4.9792, 0
4.9822, 0
4.9865, 0
4.9884, 0
4.9915, 0
4.9949, 0
4.9967, 0
5.0003, 0
5.0040, 0
5.0063, 0
5.0094, 0
5.0123, 0
5.0145, 0
5.0165, 0
5.0201, 0
5.0230, 0
5.0261, 0
5.0280, 0
5.0313, 0
5.0341, 0
5.0375, 0
5.0403, 0
5.0438, 0
5.0467, 0
5.0499, 0
5.0529, 0
5.0560, 0
5.0587, 0
5.0622, 0
5.0653, 0
5.0675, 0
5.0711, 0
5.0742, 0
5.0781, 0
5.0813, 1
5.0842, 0
5.0871, 0
5.0907, 0
5.0933, 0
5.0985, 0
5.0995, 0
5.1027, 0
5.1056, 0
5.1092, 0
5.1135, 0
5.1172, 0
5.1207, 0
5.1248, 0
5.1288, 0
5.1308, 0
5.1320, 0
5.1357, 0
5.1392, 0
5.1412, 0
5.1429, 0
5.1470, 0
5.1506, 1
5.1517, 1
5.1557, 0
5.1572, 0
5.1599, 0
5.1630, 0
5.1644, 0
5.1674, 0
5.1696, 0
5.1733, 0
5.1771, 2
5.1805, 3
5.1824, 5
5.1864, 7
5.1920, 9
5.1940, 11
5.1974, 13
5.1998, 13
5.2030, 15
5.2049, 17
5.2073, 19
5.2085, 20
5.2113, 21
5.2133, 23
5.2151, 24
5.2175, 25
5.2201, 25
5.2208, 26
5.2216, 27
5.2224, 26
5.2232, 27
5.2239, 27
5.2317, 27
5.2350, 28
5.2393, 27
5.2400, 27
5.2441, 27
5.2504, 26
5.2520, 27
5.2528, 27
5.2542, 27
5.2569, 27
5.2600, 28
5.2633, 29
5.2665, 31
5.2697, 32
5.2728, 29
5.2761, 27
5.2792, 27
5.2823, 27
5.2854, 27
5.2886, 27
5.2917, 27
5.2948, 23
5.2980, 23
5.3011, 20
5.3043, 19
5.3074, 16
5.3106, 15
5.3137, 14
5.3169, 13
5.3200, 13
5.3232, 13
5.3263, 11
5.3294, 9
5.3325, 5
5.3357, 6
5.3388, 7
5.3419, 7
5.3451, 9
5.3483, 7
5.3514, 7
5.3545, 7
5.3577, 9
5.3608, 7
5.3640, 9
5.3671, 8
5.3702, 9
5.3734, 7
5.3767, 8
5.3799, 7
5.3832, 6
5.3865, 7
5.3898, 7
5.3931, 8
5.3972, 9
5.4005, 9
5.4037, 11
5.4071, 11
5.4103, 11
5.4170, 12
5.4177, 13
5.4198, 13
5.4226, 15
5.4254, 13
5.4285, 15
5.4314, 15
5.4330, 14
5.4358, 15
5.4384, 15
5.4414, 14
5.4442, 15
5.4473, 14
5.4506, 12
5.4537, 11
5.4567, 9
5.4598, 8
5.4639, 7
5.4658, 5
5.4692, 3
5.4726, 2
5.4759, 1
5.4791, 0
5.4823, 0
5.4855, 0
5.4888, 0
5.4917, 0
5.4963, 0
5.4977, 0
5.5011, 0
5.5045, 0
5.5078, 0
5.5107, 0
5.5136, 0
5.5171, 0
5.5238, 0
5.5262, 0
5.5293, 0
5.5314, 0
5.5344, 0
5.5366, 0
5.5396, 0
5.5419, 1
5.5476, 1
5.5500, 2
5.5529, 3
5.5560, 3
5.5589, 3
5.5619, 3
5.5647, 1
5.5681, 0
5.5716, 0
5.5763, 0
5.5811, 0
5.5861, 0
5.5899, 0
5.5932, 1
5.5963, 1
5.5996, 1
5.6033, 0
5.6066, 0
5.6101, 0
5.6132, 0
5.6165, 0
5.6201, 0
5.6235, 1
5.6269, 1
5.6313, 1
5.6341, 1
5.6386, 0
5.6416, 0
5.6448, 0
5.6487, 0
5.6514, 0
5.6548, 0
5.6584, 0
5.6617, 0
5.6646, 1
5.6681, 1
5.6713, 1
5.6749, 0
5.6780, 0
5.6815, 1
5.6847, 1
5.6882, 2
5.6926, 3
5.6963, 3
5.6999, 5
5.7034, 7
5.7070, 8
5.7103, 7
5.7136, 7
5.7172, 9
5.7209, 9
5.7242, 9
5.7280, 9
5.7329, 11
5.7375, 10
5.7402, 11
5.7425, 11
5.7456, 11
5.7486, 11
5.7516, 11
5.7545, 12
5.7574, 13
5.7601, 13
5.7632, 11
5.7663, 13
5.7694, 15
5.7726, 9
5.7758, 5
5.7790, 3
5.7823, 0
5.7853, 0
5.7885, 0
5.7916, 0
5.7947, 0
5.7975, 0
5.8023, 0
5.8055, 0
5.8084, 0
5.8107, 0
5.8138, 0
5.8169, 0
5.8202, 0
5.8233, 0
5.8267, 0
5.8299, 0
5.8333, 0
5.8362, 0
5.8406, 0
5.8431, 0
5.8458, 0
5.8485, 0
5.8515, 0
5.8543, 0
5.8571, 0
5.8608, 0
5.8650, 0
5.8689, 0
5.8722, 0
5.8760, 0
5.8792, 0
5.8818, 0
5.8844, 0
5.8869, 0
5.8895, 0
5.8925, 0
5.8951, 0
5.8977, 0
5.9003, 1
5.9028, 3
5.9053, 4
5.9079, 5
5.9109, 6
5.9137, 7
5.9178, 9
5.9204, 10
5.9235, 11
5.9264, 12
5.9292, 13
5.9322, 15
5.9354, 15
5.9382, 14
5.9412, 13
5.9445, 13
5.9473, 13
5.9503, 13
5.9538, 13
5.9569, 13
5.9597, 13
5.9630, 13
5.9656, 15
5.9686, 15
5.9716, 17
5.9742, 16
5.9774, 17
5.9799, 19
5.9824, 20
5.9857, 19
5.9884, 17
5.9914, 15
5.9955, 11
5.9982, 9
6.0015, 7
6.0049, 5
6.0075, 2
6.0108, 0
6.0142, 0
6.0175, 0
6.0212, 0
6.0241, 0
6.0283, 0
6.0310, 0
6.0345, 0
6.0386, 0
6.0408, 0
6.0439, 0
6.0470, 1
6.0500, 3
6.0524, 3
6.0553, 4
6.0571, 5
6.0601, 6
6.0620, 7
6.0652, 7
6.0683, 9
6.0713, 9
6.0754, 10
6.0767, 11
6.0793, 11
6.0824, 10
6.0860, 9
6.0896, 7
6.0923, 6
6.0960, 5
6.0989, 3
6.1017, 4
6.1063, 6
6.1085, 8
6.1143, 10
6.1183, 12
6.1293, 14
6.1344, 16
6.1359, 17
6.1403, 19
6.1419, 20
6.1432, 21
6.1475, 22
6.1491, 24
6.1512, 25
6.1535, 26
6.1566, 28
6.1613, 29
6.1648, 30
6.1683, 32
6.1715, 33
6.1738, 34
6.1764, 36
6.1785, 36
6.1826, 37
6.1854, 38
6.1884, 38
6.1913, 39
6.1948, 38
6.1966, 38
6.2000, 39
6.2033, 39
6.2062, 41
6.2094, 42
6.2131, 43
6.2162, 44
6.2196, 45
6.2228, 45
6.2258, 47
6.2299, 48
6.2328, 49
6.2361, 49
6.2393, 50
6.2430, 51
6.2465, 51
6.2497, 52
6.2526, 53
6.2565, 55
6.2598, 55
6.2630, 57
6.2661, 57
6.2693, 58
6.2724, 59
6.2758, 54
6.2792, 52
6.2824, 51
6.2855, 49
6.2888, 48
6.2920, 42
6.2949, 40
6.2985, 37
6.3016, 36
6.3056, 33
6.3086, 31
6.3114, 29
6.3152, 27
6.3184, 25
6.3222, 23
6.3254, 21
6.3289, 19
6.3321, 17
6.3353, 15
6.3387, 12
6.3421, 11
6.3450, 9
6.3483, 2
6.3516, 3
6.3548, 0
6.3578, 0
6.3613, 0
6.3645, 0
6.3678, 0
6.3711, 0
6.3745, 0
6.3772, 1
6.3810, 1
6.3845, 0
6.3876, 0
6.3909, 0
6.3941, 0
6.3973, 0
6.4003, 0
6.4042, 0
6.4070, 0
6.4108, 0
6.4138, 0
6.4173, 0
6.4206, 0
6.4234, 0
6.4270, 0
6.4305, 0
6.4337, 0
6.4370, 0
6.4404, 0
6.4436, 0
6.4468, 0
6.4501, 1
6.4539, 1
6.4576, 1
6.4609, 1
6.4642, 1
6.4675, 1
6.4709, 2
6.4742, 2
6.4774, 2
6.4807, 2
6.4840, 2
6.4870, 3
6.4894, 3
6.4921, 3
6.4948, 3
6.4985, 3
6.5014, 3
6.5051, 3
6.5100, 3
6.5136, 0
6.5175, 0
6.5216, 0
6.5246, 0
6.5270, 0
6.5308, 0
6.5338, 0
6.5363, 0
6.5391, 0
6.5415, 0
6.5440, 0
6.5466, 0
6.5496, 0
6.5521, 0
6.5546, 0
6.5587, 0
6.5605, 0
6.5646, 0
6.5664, 0
6.5718, 0
6.5754, 0
6.5773, 0
6.5791, 2
6.5813, 3
6.5841, 3
6.5858, 4
6.5888, 5
6.5913, 6
6.5937, 6
6.5964, 5
6.5990, 5
6.6018, 3
6.6042, 3
6.6072, 5
6.6088, 5
6.6112, 5
6.6136, 7
6.6153, 8
6.6179, 9
6.6204, 8
6.6225, 8
6.6244, 7
6.6266, 8
6.6318, 12
6.6327, 10
6.6362, 9
6.6379, 9
6.6426, 6
6.6468, 6
6.6486, 4
6.6515, 3
6.6560, 0
6.6596, 0
6.6633, 0
6.6679, 0
6.6701, 0
6.6747, 1
6.6761, 1
6.6778, 1
6.6808, 0
6.6865, 1
6.6904, 1
6.6939, 0
6.6969, 0
6.6999, 0
6.7035, 1
6.7075, 4
6.7093, 5
6.7115, 1
6.7137, 0
6.7154, 0
6.7201, 0
6.7237, 0
6.7254, 1
6.7276, 3
6.7298, 5
6.7319, 7
6.7341, 5
6.7365, 3
6.7390, 0
6.7415, 0
6.7442, 0
6.7468, 1
6.7493, 1
6.7519, 1
6.7545, 1
6.7570, 1
6.7946, 0
6.7957, 0
6.7966, 0
6.7976, 0
6.7985, 0
6.7995, 0
6.8004, 0
6.8013, 0
6.8023, 0
6.8033, 1
6.8042, 1
6.8052, 0
6.8061, 0
6.8071, 0
6.8080, 0
6.8089, 0
6.8100, 0
6.8113, 0
6.8127, 0
6.8140, 1
6.8152, 1
6.8164, 0
6.8178, 0
6.8193, 0
6.8218, 0
6.8246, 1
6.8282, 1
6.8319, 2
6.8350, 3
6.8376, 3
6.8401, 6
6.8418, 7
6.8446, 9
6.8486, 10
6.8507, 12
6.8568, 14
6.8610, 15
6.8657, 18
6.8688, 18
6.8724, 18
6.8761, 19
6.8804, 21
6.8846, 22
6.8868, 23
6.8906, 25
6.8942, 25
6.8980, 26
6.9019, 28
6.9057, 29
6.9092, 29
6.9131, 30
6.9181, 33
6.9224, 33
6.9266, 32
6.9308, 30
6.9351, 30
6.9393, 28
6.9426, 26
6.9467, 24
6.9502, 20
6.9532, 19
6.9567, 17
6.9610, 17
6.9648, 17
6.9681, 16
6.9711, 18
6.9742, 18
6.9776, 17
6.9797, 18
6.9829, 19
6.9858, 19
6.9887, 17
6.9919, 16
6.9948, 15
6.9978, 15
7.0007, 15
7.0042, 15
7.0091, 16
7.0133, 17
7.0178, 17
7.0220, 17
7.0258, 17
7.0301, 18
7.0344, 19
7.0391, 19
7.0430, 19
7.0473, 19
7.0520, 20
7.0555, 21
7.0600, 21
7.0645, 21
7.0689, 21
7.0734, 22
7.0781, 23
7.0825, 23
7.0871, 23
7.0915, 24
7.0960, 25
7.0988, 27
7.1015, 29
7.1052, 30
7.1095, 31
7.1131, 33
7.1169, 35
7.1204, 36
7.1251, 37
7.1277, 39
7.1307, 40
7.1336, 41
7.1367, 43
7.1397, 44
7.1428, 45
7.1459, 46
7.1482, 47
7.1530, 39
7.1585, 39
7.1603, 39
7.1654, 31
7.1694, 27
7.1738, 25
7.1780, 25
7.1823, 23
7.1862, 20
7.1928, 18
7.1938, 17
7.1982, 15
7.2016, 13
7.2044, 12
7.2071, 8
7.2101, 7
7.2130, 5
7.2157, 2
7.2186, 1
7.2214, 0
7.2249, 0
7.2278, 1
7.2308, 1
7.2341, 1
7.2366, 2
7.2397, 3
7.2427, 5
7.2457, 7
7.2491, 8
7.2524, 10
7.2553, 11
7.2577, 10
7.2608, 8
7.2640, 8
7.2668, 7
7.2701, 5
7.2726, 4
7.2753, 1
7.2781, 1
7.2808, 2
7.2847, 3
7.2887, 2
7.2911, 2
7.2920, 4
7.2967, 3
7.2994, 1
7.3024, 3
7.3053, 4
7.3067, 3
7.3098, 0
7.3155, 0
7.3176, 0
7.3200, 1
7.3229, 1
7.3257, 1
7.3281, 0
7.3307, 0
7.3348, 1
7.3375, 1
7.3405, 1
7.3442, 3
7.3478, 3
7.3510, 2
7.3544, 0
7.3583, 0
7.3626, 0
7.3676, 1
7.3712, 0
7.3742, 0
7.3768, 0
7.3823, 0
7.3853, 0
7.3885, 0
7.3911, 0
7.3942, 0
7.3968, 0
7.3986, 0
7.4014, 0
7.4048, 0
7.4071, 0
7.4097, 0
7.4124, 0
7.4141, 0
7.4171, 0
7.4199, 0
7.4229, 0
7.4276, 0
7.4304, 0
7.4334, 0
7.4372, 0
7.4415, 0
7.4453, 0
7.4489, 0
7.4516, 0
7.4541, 0
7.4567, 0
7.4591, 0
7.4617, 1
7.4647, 0
7.4670, 0
7.4709, 0
7.4735, 0
7.4769, 0
7.4802, 0
7.4830, 0
7.4876, 0
7.4900, 0
7.4934, 1
7.4962, 0
7.4993, 0
7.5027, 0
7.5052, 0
7.5090, 0
7.5112, 0
7.5149, 0
7.5176, 0
7.5202, 0
7.5227, 0
7.5264, 0
7.5295, 0
7.5329, 1
7.5361, 1
7.5392, 1
7.5421, 1
7.5454, 1
7.5482, 3
7.5509, 4
7.5540, 4
7.5582, 6
7.5610, 4
7.5643, 1
7.5672, 0
7.5700, 0
7.5728, 0
7.5763, 0
7.5787, 0
7.5813, 0
7.5855, 0
7.5889, 0
7.5898, 0
7.5938, 0
7.5958, 0
7.6008, 0
7.6039, 0
7.6072, 0
7.6099, 0
7.6130, 0
7.6161, 0
7.6193, 0
7.6224, 0
7.6242, 0
7.6262, 0
7.6277, 0
7.6314, 1
7.6340, 2
7.6366, 2
7.6396, 4
7.6421, 4
7.6449, 4
7.6484, 6
7.6506, 8
7.6531, 9
7.6554, 10
7.6588, 10
7.6619, 10
7.6649, 11
7.6683, 7
7.6714, 5
7.6747, 5
7.6781, 3
7.6806, 1
7.6853, 0
7.6881, 0
7.6903, 0
7.6930, 0
7.6969, 0
7.7002, 0
7.7025, 0
7.7061, 0
7.7093, 1
7.7125, 3
7.7155, 5
7.7191, 7
7.7222, 7
7.7259, 9
7.7290, 10
7.7317, 3
7.7335, 0
7.7367, 0
7.7385, 0
7.7420, 1
7.7444, 2
7.7472, 3
7.7506, 5
7.7531, 7
7.7562, 9
7.7598, 11
7.7623, 12
7.7654, 13
7.7690, 15
7.7726, 16
7.7753, 17
7.7786, 19
7.7815, 19
7.7853, 21
7.7886, 23
7.7920, 23
7.7952, 25
7.7982, 27
7.8019, 27
7.8053, 29
7.8091, 20
7.8120, 17
7.8157, 14
7.8177, 10
7.8200, 9
7.8237, 7
7.8268, 5
7.8295, 3
7.8315, 1
7.8350, 1
7.8369, 1
7.8395, 1
7.8432, 0
7.8466, 0
7.8493, 2
7.8523, 1
7.8556, 3
7.8586, 4
7.8618, 6
7.8649, 8
7.8678, 9
7.8701, 11
7.8725, 13
7.8759, 14
7.8785, 16
7.8812, 17
7.8841, 18
7.8875, 15
7.8903, 17
7.8935, 16
7.8963, 3
7.8998, 1
7.9031, 1
7.9066, 1
7.9095, 0
7.9125, 0
7.9154, 0
7.9183, 0
7.9209, 0
7.9237, 0
7.9270, 0
7.9297, 2
7.9337, 1
7.9360, 1
7.9376, 1
7.9405, 0
7.9447, 1
7.9485, 3
7.9514, 5
7.9542, 7
7.9575, 7
7.9601, 2
7.9633, 1
7.9677, 2
7.9694, 2
7.9717, 3
7.9749, 3
7.9776, 5
7.9808, 6
7.9842, 7
7.9872, 8
7.9895, 9
7.9920, 9
7.9942, 9
7.9972, 11
7.9994, 8
8.0026, 10
8.0056, 9
8.0088, 7
8.0122, 4
8.0162, 3
8.0185, 2
8.0224, 0
8.0258, 0
8.0301, 0
8.0350, 0
8.0368, 0
8.0396, 0
8.0418, 0
8.0441, 0
8.0464, 0
8.0489, 1
8.0512, 3
8.0536, 5
8.0560, 7
8.0581, 8
8.0604, 9
8.0621, 10
8.0644, 12
8.0667, 14
8.0690, 14
8.0721, 14
8.0746, 12
8.0788, 14
8.0810, 12
8.0834, 11
8.0860, 9
8.0887, 7
8.0912, 5
8.0937, 2
8.0970, 1
8.1006, 0
8.1036, 1
8.1080, 0
8.1096, 0
8.1127, 0
8.1159, 0
8.1191, 0
8.1222, 0
8.1256, 0
8.1290, 0
8.1315, 0
8.1346, 0
8.1377, 1
8.1410, 3
8.1435, 0
8.1480, 0
8.1494, 0
8.1523, 0
8.1551, 0
8.1578, 1
8.1605, 3
8.1633, 3
8.1658, 0
8.1685, 0
8.1724, 0
8.1755, 0
8.1774, 0
8.1798, 0
8.1824, 0
8.1848, 0
8.1871, 0
8.1898, 0
8.1926, 0
8.1954, 0
8.1983, 0
8.2006, 0
8.2028, 0
8.2088, 0
8.2122, 0
8.2143, 0
8.2183, 0
8.2236, 0
8.2280, 0
8.2310, 0
8.2343, 0
8.2387, 0
8.2427, 0
8.2438, 0
8.2487, 0
8.2508, 0
8.2550, 2
8.2555, 0
8.2600, 0
8.2630, 0
8.2646, 0
8.2711, 1
8.2738, 2
8.2791, 4
8.2804, 4
8.2831, 6
8.2865, 6
8.2882, 8
8.2921, 9
8.2944, 9
8.2974, 10
8.3013, 10
8.3036, 10
8.3067, 12
8.3114, 12
8.3140, 14
8.3165, 14
8.3202, 15
8.3239, 15
8.3261, 15
8.3291, 16
8.3315, 16
8.3350, 17
8.3383, 18
8.3418, 19
8.3435, 19
8.3483, 22
8.3510, 22
8.3536, 23
8.3578, 25
8.3618, 26
8.3660, 28
8.3698, 28
8.3729, 30
8.3767, 30
8.3811, 32
8.3849, 33
8.3888, 34
8.3923, 35
8.3949, 36
8.3982, 38
8.4021, 39
8.4055, 41
8.4078, 41
8.4109, 43
8.4127, 43
8.4195, 45
8.4221, 45
8.4295, 47
8.4323, 48
8.4356, 50
8.4395, 51
8.4411, 50
8.4450, 51
8.4482, 53
8.4520, 54
8.4558, 55
8.4595, 57
8.4611, 58
8.4653, 59
8.4677, 61
8.4712, 61
8.4740, 63
8.4770, 63
8.4794, 63
8.4924, 63
8.4953, 62
8.4999, 62
8.5044, 63
8.5072, 63
8.5103, 62
8.5133, 62
8.5168, 62
8.5201, 63
8.5233, 62
8.5266, 60
8.5298, 61
8.5331, 58
8.5369, 54
8.5405, 54
8.5439, 50
8.5471, 50
8.5503, 48
8.5537, 47
8.5572, 44
8.5605, 43
8.5639, 40
8.5673, 36
8.5708, 33
8.5740, 32
8.5768, 29
8.5806, 29
8.5840, 27
8.5874, 27
8.5909, 26
8.5940, 24
8.5973, 23
8.6006, 23
8.6038, 24
8.6068, 23
8.6111, 21
8.6140, 20
8.6174, 21
8.6203, 19
8.6237, 19
8.6274, 19
8.6306, 18
8.6340, 19
8.6372, 19
8.6402, 11
8.6438, 9
8.6471, 5
8.6504, 5
8.6538, 4
8.6575, 3
8.6600, 3
8.6631, 3
8.6665, 2
8.6697, 1
8.6736, 1
8.6764, 1
8.6805, 3
8.6846, 4
8.6881, 4
8.6940, 5
8.6968, 5
8.6996, 6
8.7050, 6
8.7095, 7
8.7130, 8
8.7150, 8
8.7178, 8
8.7213, 9
8.7245, 11
8.7282, 13
8.7322, 14
8.7356, 13
8.7387, 14
8.7420, 15
8.7447, 16
8.7484, 16
8.7512, 15
8.7551, 16
8.7583, 17
8.7616, 18
8.7649, 18
8.7680, 17
8.7714, 17
8.7743, 17
8.7782, 17
8.7811, 16
8.7850, 16
8.7877, 16
8.7921, 16
8.7964, 16
8.8007, 17
8.8050, 17
8.8094, 19
8.8137, 17
8.8180, 17
8.8224, 17
8.8267, 19
8.8310, 20
8.8355, 21
8.8398, 23
8.8444, 25
8.8488, 26
8.8518, 27
8.8548, 29
8.8579, 31
8.8621, 33
8.8664, 34
8.8687, 35
8.8706, 35
8.8739, 37
8.8765, 37
8.8801, 39
8.8829, 39
8.8864, 41
8.8896, 41
8.8929, 43
8.8959, 45
8.9061, 41
8.9083, 43
8.9111, 45
8.9147, 43
8.9181, 44
8.9214, 46
8.9243, 43
8.9280, 41
8.9314, 38
8.9351, 35
8.9387, 32
8.9431, 30
8.9471, 27
8.9511, 25
8.9555, 23
8.9594, 20
8.9635, 18
8.9673, 15
8.9706, 13
8.9741, 11
8.9794, 9
8.9834, 8
8.9882, 5
8.9906, 3
8.9922, 1
8.9943, 1
8.9963, 1
9.0013, 3
9.0049, 3
9.0094, 5
9.0130, 5
9.0153, 7
9.0181, 7
9.0215, 9
9.0246, 9
9.0270, 10
9.0299, 9
9.0331, 11
9.0354, 13
9.0390, 14
9.0421, 15
9.0475, 17
9.0513, 17
9.0526, 18
9.0537, 19
9.0554, 21
9.0582, 19
9.0620, 17
9.0661, 14
9.0675, 13
9.0694, 10
9.0722, 7
9.0774, 5
9.0793, 3
9.0798, 0
9.0846, 0
9.0869, 0
9.0920, 0
9.0946, 0
9.0975, 0
9.0997, 0
9.1029, 0
9.1055, 0
9.1100, 0
9.1133, 0
9.1180, 0
9.1213, 0
9.1251, 0
9.1276, 0
9.1293, 1
9.1322, 2
9.1351, 3
9.1394, 3
9.1427, 5
9.1456, 5
9.1494, 4
9.1526, 4
9.1555, 3
9.1584, 1
9.1607, 0
9.1633, 0
9.1668, 0
9.1714, 0
9.1719, 0
9.1749, 0
9.1758, 2
9.1767, 4
9.1777, 5
9.1786, 7
9.1795, 6
9.1830, 8
9.1848, 10
9.1888, 11
9.1917, 13
9.1937, 15
9.1979, 16
9.2025, 18
9.2067, 20
9.2100, 22
9.2142, 14
9.2167, 15
9.2177, 17
9.2215, 18
9.2243, 19
9.2276, 21
9.2309, 22
9.2337, 23
9.2376, 25
9.2407, 25
9.2434, 27
9.2462, 28
9.2492, 29
9.2521, 30
9.2548, 32
9.2583, 32
9.2615, 34
9.2647, 35
9.2679, 36
9.2712, 38
9.2745, 39
9.2773, 40
9.2811, 42
9.2843, 43
9.2873, 44
9.2906, 46
9.2938, 46
9.2970, 48
9.3005, 49
9.3034, 50
9.3062, 52
9.3100, 54
9.3140, 54
9.3164, 56
9.3194, 58
9.3230, 58
9.3262, 60
9.3296, 61
9.3323, 62
9.3355, 55
9.3386, 56
9.3410, 55
9.3433, 55
9.3472, 55
9.3516, 55
9.3554, 53
9.3571, 55
9.3602, 53
9.3637, 53
9.3680, 53
9.3712, 53
9.3737, 52
9.3767, 52
9.3795, 51
9.3825, 52
9.3852, 51
9.3890, 53
9.3936, 55
9.3959, 55
9.3985, 55
9.4025, 56
9.4069, 57
9.4114, 57
9.4158, 57
9.4202, 55
9.4247, 56
9.4292, 56
9.4337, 55
9.4382, 57
9.4427, 57
9.4472, 59
9.4517, 59
9.4563, 61
9.4588, 61
9.4623, 62
9.4656, 63
9.4688, 63
9.4714, 63
9.4742, 63
9.4800, 63
9.4829, 62
9.4870, 63
9.4900, 63
9.4941, 63
9.4977, 62
9.5004, 63
9.5038, 63
9.5063, 63
9.5087, 63
9.5112, 62
9.5139, 63
9.5159, 63
9.5233, 62
9.5262, 60
9.5289, 58
9.5317, 54
9.5339, 56
9.5363, 58
9.5379, 60
9.5413, 62
9.5438, 62
9.5462, 63
9.5482, 61
9.5511, 45
9.5534, 45
9.5559, 46
9.5589, 46
9.5607, 47
9.5633, 48
9.5655, 44
9.5681, 41
9.5714, 39
9.5740, 38
9.5774, 36
9.5805, 34
9.5837, 32
9.5869, 29
9.5902, 27
9.5934, 26
9.5967, 25
9.6000, 24
9.6033, 25
9.6065, 26
9.6099, 27
9.6130, 28
9.6163, 29
9.6196, 31
9.6228, 32
9.6262, 33
9.6294, 35
9.6327, 37
9.6360, 39
9.6389, 41
9.6421, 43
9.6454, 44
9.6484, 45
9.6516, 45
9.6548, 45
9.6579, 46
9.6610, 46
9.6642, 46
9.6674, 47
9.6709, 48
9.6741, 49
9.6772, 49
9.6803, 49
9.6852, 49
9.6915, 49
9.6964, 48
9.7008, 47
9.7034, 47
9.7092, 48
9.7132, 47
9.7169, 47
9.7206, 45
9.7247, 43
9.7272, 43
9.7299, 43
9.7326, 44
9.7369, 45
9.7439, 45
9.7449, 46
9.7519, 46
9.7530, 47
9.7569, 47
9.7617, 47
9.7653, 48
9.7698, 48
9.7734, 49
9.7768, 51
9.7806, 51
9.7842, 53
9.7881, 55
9.7916, 55
9.7935, 57
9.7973, 58
9.8009, 59
9.8038, 60
9.8073, 61
9.8087, 63
9.8130, 62
9.8166, 63
9.8201, 63
9.8225, 63
9.8262, 63
9.8313, 63
9.8333, 62
9.8361, 63
9.8391, 63
9.8428, 63
9.8444, 63
9.8489, 63
9.8513, 63
9.8548, 63
9.8585, 63
9.8604, 62
9.8637, 62
9.8672, 62
9.8713, 63
9.8743, 62
9.8792, 61
9.8827, 60
9.8855, 59
9.8883, 58
9.8904, 55
9.8942, 54
9.8969, 51
9.9007, 48
9.9026, 44
9.9070, 39
9.9093, 37
9.9124, 33
9.9156, 32
9.9214, 30
9.9247, 28
9.9280, 25
9.9307, 23
9.9336, 21
9.9362, 19
9.9389, 15
9.9412, 14
9.9439, 11
9.9468, 9
9.9498, 5
9.9526, 3
9.9557, 2
9.9583, 0
9.9614, 0
9.9645, 1
9.9674, 0
9.9705, 0
9.9735, 0
9.9764, 0
9.9793, 0
9.9822, 0
9.9852, 0
9.9880, 0
9.9909, 0
9.9945, 0
9.9981, 0
10.0007, 1
10.0043, 1
10.0077, 1
10.0104, 0
10.0134, 0
10.0162, 0
10.0185, 0
10.0214, 0
10.0246, 0
10.0273, 0
10.0303, 0
10.0333, 1
10.0360, 0
10.0394, 0
10.0427, 1
10.0458, 3
10.0489, 3
10.0521, 1
10.0557, 3
10.0578, 0
10.0614, 0
10.0644, 0
10.0692, 2
10.0721, 3
10.0749, 3
10.0773, 4
10.0800, 3
10.0841, 5
10.0871, 5
10.0898, 5
10.0921, 4
10.0958, 4
10.0994, 5
10.1038, 6
10.1065, 5
10.1101, 3
10.1132, 4
10.1166, 4
10.1210, 4
10.1258, 5
10.1301, 6
10.1344, 7
10.1389, 6
10.1432, 7
10.1486, 8
10.1518, 8
10.1552, 9
10.1581, 11
10.1614, 11
10.1644, 11
10.1668, 12
10.1707, 13
10.1751, 15
10.1771, 15
10.1799, 17
10.1812, 19
10.1842, 19
10.1873, 21
10.1898, 23
10.1924, 25
10.1954, 26
10.1985, 27
10.2022, 27
10.2048, 29
10.2076, 30
10.2101, 31
10.2126, 31
10.2159, 32
10.2192, 33
10.2227, 34
10.2264, 35
10.2300, 36
10.2330, 37
10.2369, 37
10.2394, 39
10.2418, 39
10.2445, 39
10.2471, 39
10.2500, 40
10.2526, 39
10.2555, 37
10.2582, 34
10.2609, 33
10.2640, 33
10.2665, 33
10.2698, 33
10.2725, 31
10.2758, 31
10.2790, 31
10.2823, 32
10.2851, 33
10.2882, 33
10.2915, 33
10.2952, 34
10.2986, 35
10.3019, 36
10.3053, 36
10.3086, 36
10.3116, 37
10.3154, 37
10.3180, 37
10.3207, 36
10.3234, 33
10.3262, 31
10.3292, 29
10.3321, 30
10.3347, 29
10.3378, 31
10.3412, 33
10.3441, 31
10.3471, 33
10.3504, 32
10.3536, 32
10.3567, 34
10.3601, 33
10.3634, 35
10.3655, 33
10.3688, 34
10.3730, 34
10.3756, 34
10.3780, 33
10.3803, 32
10.3834, 34
10.3865, 34
10.3922, 34
10.3992, 35
10.4020, 34
10.4055, 36
10.4086, 36
10.4118, 38
10.4159, 36
10.4188, 38
10.4228, 38
10.4255, 40
10.4282, 42
10.4314, 42
10.4343, 42
10.4379, 42
10.4412, 42
10.4446, 42
10.4479, 34
10.4519, 30
10.4556, 27
10.4596, 25
10.4615, 24
10.4638, 23
10.4684, 21
10.4720, 20
10.4761, 20
10.4780, 19
10.4806, 17
10.4835, 15
10.4861, 12
10.4888, 10
10.4931, 7
10.4974, 6
10.5001, 5
10.5043, 7
10.5079, 3
10.5119, 1
10.5156, 0
10.5173, 0
10.5217, 0
10.5261, 1
10.5300, 3
10.5343, 5
10.5386, 7
10.5427, 9
10.5462, 11
10.5505, 13
10.5544, 7
10.5594, 7
10.5628, 9
10.5677, 11
10.5714, 11
10.5758, 13
10.5786, 13
10.5821, 15
10.5852, 16
10.5874, 15
10.5908, 16
10.5941, 17
10.5976, 17
10.6008, 17
10.6032, 16
10.6065, 17
10.6089, 16
10.6113, 15
10.6145, 16
10.6185, 18
10.6208, 18
10.6243, 20
10.6260, 18
10.6293, 20
10.6326, 22
10.6359, 24
10.6392, 26
10.6426, 21
10.6460, 23
10.6493, 21
10.6528, 23
10.6559, 25
10.6593, 27
10.6626, 29
10.6662, 23
10.6696, 25
10.6728, 27
10.6762, 25
10.6791, 27
10.6824, 26
10.6858, 27
10.6892, 29
10.6930, 31
10.6962, 33
10.6995, 35
10.7028, 37
10.7061, 39
10.7094, 41
10.7127, 43
10.7156, 44
10.7191, 45
10.7213, 47
10.7243, 48
10.7275, 49
10.7299, 50
10.7334, 51
10.7375, 52
10.7407, 53
10.7441, 55
10.7474, 55
10.7506, 57
10.7540, 58
10.7574, 59
10.7605, 60
10.7638, 61
10.7672, 62
10.7702, 63
10.7735, 63
10.7759, 62
10.7790, 62
10.7820, 53
10.7851, 53
10.7882, 52
10.7914, 51
10.7946, 49
10.7978, 49
10.8010, 46
10.8042, 45
10.8074, 43
10.8105, 43
10.8136, 41
10.8168, 39
10.8200, 38
10.8232, 35
10.8263, 35
10.8295, 36
10.8326, 36
10.8357, 36
10.8388, 37
10.8420, 36
10.8452, 37
10.8491, 38
10.8517, 39
10.8558, 40
10.8583, 41
10.8619, 41
10.8659, 41
10.8694, 39
10.8720, 40
10.8752, 41
10.8782, 42
10.8824, 43
10.8862, 44
10.8920, 45
10.8971, 45
10.9004, 45
10.9033, 45
10.9055, 47
10.9087, 48
10.9114, 48
10.9136, 48
10.9175, 49
10.9247, 49
10.9278, 49
10.9287, 51
10.9311, 53
10.9337, 53
10.9364, 55
10.9391, 57
10.9419, 59
10.9454, 59
10.9483, 58
10.9512, 57
10.9538, 55
10.9566, 57
10.9597, 57
10.9624, 57
10.9658, 56
10.9686, 57
10.9714, 55
10.9739, 56
10.9766, 57
10.9800, 57
10.9827, 57
10.9855, 58
10.9883, 59
10.9915, 59
10.9945, 59
10.9974, 60
11.0001, 59
11.0036, 58
11.0058, 57
11.0086, 56
11.0116, 53
11.0148, 53
11.0178, 53
11.0208, 51
11.0238, 49
11.0269, 51
11.0301, 51
11.0334, 53
11.0367, 54
11.0399, 55
11.0433, 53
11.0468, 53
11.0502, 53
11.0553, 53
11.0593, 51
11.0635, 51
11.0679, 49
11.0718, 48
11.0746, 47
11.0770, 47
11.0800, 45
11.0830, 45
11.0861, 43
11.0890, 42
11.0922, 41
11.0951, 40
11.0982, 39
11.1009, 39
11.1040, 33
11.1074, 35
11.1098, 35
11.1122, 35
11.1148, 35
11.1179, 36
11.1214, 37
11.1250, 35
11.1284, 35
11.1331, 36
11.1362, 34
11.1386, 35
11.1420, 34
11.1452, 30
11.1502, 32
11.1533, 34
11.1568, 31
11.1602, 33
11.1633, 35
11.1662, 35
11.1698, 33
11.1725, 34
11.1761, 35
11.1783, 36
11.1825, 39
11.1856, 41
11.1888, 39
11.1910, 40
11.1932, 37
11.1963, 33
11.1995, 31
11.2027, 30
11.2059, 27
11.2090, 25
11.2111, 23
11.2143, 22
11.2175, 20
11.2207, 18
11.2238, 16
11.2270, 15
11.2302, 13
11.2334, 11
11.2366, 9
11.2397, 7
11.2429, 5
11.2460, 3
11.2492, 1
11.2524, 0
11.2555, 0
11.2587, 0
11.2617, 0
11.2649, 0
11.2681, 0
11.2712, 0
11.2737, 0
11.2762, 0
11.2783, 0
11.2805, 0
11.2830, 0
11.2872, 0
11.2890, 0
11.2912, 0
11.2934, 0
11.2956, 0
11.2978, 0
11.2998, 0
11.3043, 0
11.3061, 0
11.3100, 0
11.3131, 0
11.3151, 0
11.3178, 0
11.3219, 0
11.3256, 0
11.3289, 0
11.3324, 0
11.3365, 0
11.3395, 0
11.3427, 0
11.3463, 0
11.3489, 0
11.3530, 0
11.3562, 2
11.3588, 0
11.3620, 0
11.3651, 0
11.3689, 0
11.3720, 1
11.3753, 2
11.3787, 4
11.3842, 5
11.3885, 3
11.3926, 1
11.3964, 0
11.3999, 0
11.4042, 0
11.4084, 0
11.4129, 0
11.4165, 0
11.4208, 0
11.4250, 0
11.4293, 0
11.4330, 0
11.4376, 0
11.4419, 0
11.4466, 0
11.4514, 0
11.4551, 0
11.4593, 0
11.4626, 0
11.4656, 0
11.4692, 0
11.4739, 0
11.4778, 0
11.4816, 0
11.4857, 0
11.4899, 0
11.4933, 0
11.4974, 0
11.5019, 0
11.5053, 0
11.5108, 0
11.5142, 0
11.5194, 0
11.5253, 0
11.5280, 0
11.5310, 0
11.5339, 0
11.5379, 0
11.5412, 0
11.5446, 0
11.5481, 0
11.5515, 0
11.5545, 0
11.5580, 0
11.5596, 0
11.5637, 0
11.5669, 0
11.5693, 0
11.5723, 0
11.5757, 0
11.5792, 0
11.5817, 0
11.5850, 0
11.5883, 0
11.5911, 0
11.5945, 0
11.5989, 0
11.6021, 0
11.6049, 0
11.6075, 0
11.6108, 0
11.6140, 0
11.6180, 2
11.6208, 4
11.6238, 6
11.6270, 8
11.6300, 10
11.6334, 12
11.6358, 9
11.6391, 9
11.6425, 10
11.6453, 10
11.6490, 10
11.6522, 10
11.6556, 11
11.6589, 11
11.6619, 12
11.6654, 13
11.6676, 13
11.6699, 14
11.6741, 15
11.6763, 16
11.6805, 17
11.6825, 18
11.6861, 19
11.6910, 21
11.6927, 22
11.6963, 23
11.6991, 24
11.7029, 25
11.7060, 25
11.7090, 25
11.7126, 26
11.7159, 27
11.7193, 27
11.7224, 24
11.7259, 24
11.7288, 22
11.7326, 20
11.7360, 20
11.7393, 19
11.7423, 17
11.7449, 16
11.7478, 14
11.7502, 14
11.7532, 14
11.7588, 13
11.7604, 13
11.7637, 12
11.7669, 11
11.7696, 11
11.7737, 10
11.7793, 8
11.7833, 9
11.7866, 11
11.7907, 14
11.7930, 15
11.7961, 16
11.7981, 16
11.8012, 18
11.8032, 18
11.8072, 18
11.8091, 18
11.8120, 21
11.8140, 22
11.8172, 24
11.8200, 26
11.8218, 27
11.8232, 26
11.8256, 27
11.8284, 28
11.8326, 27
11.8342, 28
11.8373, 29
11.8396, 30
11.8431, 29
11.8454, 23
11.8496, 19
11.8537, 16
11.8561, 11
11.8594, 6
11.8620, 3
11.8643, 1
11.8670, 0
11.8697, 0
11.8728, 0
11.8760, 0
11.8794, 0
11.8828, 0
11.8848, 0
11.8882, 0
11.8914, 1
11.8948, 0
11.8982, 0
11.9014, 0
11.9039, 1
11.9078, 2
11.9108, 3
11.9139, 4
11.9182, 6
11.9198, 7
11.9230, 8
11.9262, 9
11.9298, 10
11.9327, 11
11.9344, 10
11.9381, 12
11.9411, 14
11.9437, 15
11.9457, 15
11.9489, 14
11.9519, 14
11.9540, 12
11.9572, 12
11.9595, 11
11.9618, 10
11.9649, 8
11.9679, 9
11.9710, 9
11.9744, 8
11.9775, 9
11.9805, 9
11.9835, 10
11.9863, 12
11.9896, 14
11.9928, 11
11.9960, 9
11.9991, 10
12.0023, 11
12.0055, 11
12.0087, 10
12.0119, 11
12.0162, 10
12.0194, 11
12.0225, 9
12.0256, 7
12.0289, 7
12.0318, 6
12.0351, 7
12.0383, 7
12.0414, 6
12.0447, 7
12.0479, 8
12.0511, 10
12.0544, 12
12.0575, 9
12.0605, 9
12.0643, 11
12.0674, 11
12.0699, 13
12.0733, 13
12.0767, 14
12.0799, 15
12.0832, 15
12.0865, 17
12.0905, 18
12.0934, 19
12.0957, 21
12.0984, 22
12.1006, 22
12.1036, 23
12.1077, 24
12.1104, 25
12.1132, 27
12.1162, 27
12.1195, 27
12.1227, 26
12.1256, 27
12.1285, 28
12.1309, 29
12.1343, 29
12.1373, 30
12.1402, 31
12.1427, 31
12.1458, 31
12.1489, 31
12.1518, 31
12.1548, 31
12.1579, 31
12.1610, 33
12.1642, 33
12.1677, 33
12.1704, 35
12.1737, 35
12.1768, 37
12.1797, 38
12.1825, 39
12.1853, 39
12.1886, 40
12.1914, 41
12.1938, 42
12.1965, 43
12.1993, 43
12.2028, 44
12.2059, 45
12.2093, 45
12.2121, 46
12.2153, 47
12.2186, 47
12.2212, 48
12.2251, 49
12.2272, 49
12.2304, 49
12.2338, 48
12.2368, 49
12.2397, 50
12.2422, 49
12.2457, 48
12.2486, 47
12.2515, 43
12.2544, 43
12.2569, 41
12.2594, 41
12.2623, 35
12.2652, 33
12.2677, 30
12.2702, 30
12.2732, 29
12.2762, 29
12.2793, 29
12.2823, 29
12.2850, 29
12.2880, 28
12.2909, 26
12.2942, 25
12.2971, 23
12.2998, 22
12.3025, 21
12.3045, 21
12.3084, 21
12.3121, 21
12.3137, 21
12.3170, 21
12.3199, 22
12.3228, 21
12.3273, 21
12.3312, 21
12.3331, 21
12.3349, 21
12.3382, 21
12.3415, 19
12.3453, 19
12.3480, 19
12.3527, 21
12.3557, 20
12.3586, 19
12.3620, 19
12.3641, 19
12.3672, 19
12.3694, 19
12.3729, 19
12.3761, 15
12.3795, 15
12.3823, 14
12.3857, 11
12.3893, 11
12.3935, 9
12.3967, 11
12.3991, 13
12.4007, 15
12.4057, 15
12.4099, 17
12.4120, 18
12.4150, 11
12.4178, 11
12.4215, 7
12.4252, 5
12.4281, 3
12.4299, 0
12.4338, 0
12.4358, 0
12.4388, 0
12.4416, 0
12.4445, 0
12.4476, 1
12.4505, 0
12.4535, 1
12.4567, 1
12.4599, 0
12.4628, 1
12.4660, 1
12.4692, 2
12.4725, 3
12.4756, 3
12.4790, 1
12.4821, 2
12.4853, 3
12.4886, 4
12.4920, 5
12.4954, 4
12.4987, 3
12.5019, 0
12.5051, 0
12.5084, 0
12.5108, 0
12.5140, 0
12.5181, 0
12.5202, 0
12.5235, 0
12.5267, 0
12.5299, 0
12.5330, 0
12.5357, 1
12.5392, 0
12.5416, 1
12.5443, 0
12.5468, 0
12.5514, 0
12.5532, 0
12.5563, 0
12.5596, 0
12.5627, 0
12.5659, 0
12.5692, 0
12.5723, 1
12.5755, 0
12.5784, 0
12.5812, 0
12.5829, 0
12.5860, 0
12.5888, 2
12.5915, 0
12.5943, 0
12.5967, 0
12.6005, 0
12.6038, 0
12.6074, 0
12.6103, 0
12.6136, 0
12.6168, 0
12.6201, 0
12.6234, 0
12.6267, 0
12.6300, 0
12.6333, 0
12.6366, 0
12.6399, 1
12.6432, 1
12.6465, 3
12.6498, 4
12.6532, 5
12.6566, 4
12.6598, 0
12.6629, 0
12.6661, 0
12.6688, 0
12.6723, 0
12.6753, 0
12.6779, 2
12.6807, 4
12.6845, 6
12.6869, 8
12.6896, 10
12.6924, 8
12.6953, 3
12.6985, 5
12.7018, 7
12.7052, 9
12.7088, 11
12.7110, 5
12.7140, 7
12.7170, 5
12.7198, 4
12.7221, 3
12.7249, 3
12.7279, 3
12.7311, 5
12.7341, 3
12.7377, 5
12.7404, 1
12.7445, 0
12.7480, 1
12.7519, 0
12.7559, 0
12.7596, 0
12.7628, 0
12.7654, 0
12.7685, 0
12.7716, 0
12.7751, 0
12.7798, 0
12.7839, 1
12.7882, 0
12.7910, 0
12.7940, 1
12.7974, 1
12.8026, 1
12.8047, 2
12.8086, 3
12.8127, 4
12.8173, 5
12.8234, 6
12.8259, 7
12.8300, 7
12.8346, 9
12.8381, 10
12.8437, 12
12.8468, 14
12.8500, 15
12.8543, 15
12.8575, 15
12.8610, 17
12.8637, 18
12.8666, 19
12.8687, 20
12.8736, 20
12.8754, 21
12.8787, 22
12.8819, 23
12.8851, 23
12.8884, 23
12.8916, 23
12.8949, 25
12.8985, 25
12.9016, 25
12.9048, 25
12.9080, 21
12.9112, 21
12.9145, 19
12.9180, 17
12.9214, 15
12.9247, 15
12.9278, 13
12.9312, 13
12.9345, 12
12.9375, 12
12.9410, 8
12.9435, 9
12.9467, 9
12.9503, 8
12.9533, 6
12.9558, 6
12.9584, 5
12.9625, 4
12.9652, 4
12.9683, 2
12.9717, 1
12.9752, 0
12.9787, 0
12.9818, 0
12.9849, 0
12.9882, 1
12.9908, 0
12.9942, 0
12.9977, 0
13.0009, 0
13.0043, 0
13.0083, 0
13.0107, 0
13.0134, 0
13.0160, 0
13.0193, 0
13.0242, 0
13.0272, 0
13.0304, 0
13.0337, 0
13.0370, 0
13.0398, 1
13.0437, 1
13.0465, 2
13.0496, 3
13.0531, 3
13.0563, 4
13.0596, 5
13.0629, 5
13.0660, 6
13.0697, 7
13.0730, 8
13.0764, 9
13.0795, 9
13.0831, 10
13.0862, 11
13.0909, 12
13.0933, 12
13.0968, 13
13.1008, 14
13.1033, 15
13.1064, 15
13.1094, 15
13.1119, 16
13.1148, 17
13.1179, 17
13.1209, 18
13.1240, 18
13.1281, 19
13.1302, 19
13.1334, 19
13.1364, 20
13.1391, 22
13.1413, 24
13.1438, 26
13.1468, 23
13.1495, 25
13.1520, 16
13.1553, 15
13.1581, 15
13.1607, 14
13.1636, 15
13.1668, 13
13.1698, 11
13.1730, 9
13.1771, 8
13.1801, 7
13.1830, 1
13.1862, 0
13.1894, 0
13.1928, 0
13.1953, 0
13.1990, 0
13.2025, 0
13.2061, 0
13.2098, 0
13.2137, 0
13.2178, 0
13.2203, 0
13.2243, 0
13.2299, 0
13.2319, 0
13.2358, 0
13.2421, 0
13.2455, 0
13.2472, 0
13.2504, 0
13.2534, 0
13.2571, 0
13.2597, 0
13.2626, 0
13.2666, 0
13.2696, 0
13.2734, 0
13.2760, 0
13.2789, 0
13.2821, 0
13.2858, 0
13.2884, 0
13.2918, 0
13.2942, 0
13.2968, 0
13.2985, 0
13.3017, 0
13.3044, 0
13.3077, 0
13.3111, 0
13.3135, 0
13.3169, 0
13.3185, 0
13.3237, 0
13.3256, 0
13.3283, 0
13.3304, 0
13.3335, 0
13.3365, 0
13.3394, 0
13.3424, 0
13.3454, 0
13.3485, 0
13.3516, 0
13.3548, 0
13.3572, 0
13.3598, 0
13.3620, 0
13.3659, 2
13.3706, 3
13.3731, 6
13.3750, 3
13.3789, 6
13.3817, 2
13.3845, 1
13.3872, 0
13.3893, 0
13.3913, 0
13.3940, 0
13.3967, 0
13.3992, 2
13.4016, 2
13.4046, 2
13.4068, 3
13.4095, 4
13.4116, 5
13.4135, 3
13.4162, 0
13.4179, 1
13.4197, 0
13.4218, 0
13.4273, 0
13.4282, 0
13.4317, 0
13.4348, 0
13.4378, 0
13.4417, 0
13.4439, 0
13.4483, 0
13.4514, 0
13.4548, 0
13.4581, 0
13.4614, 0
13.4640, 1
13.4680, 1
13.4712, 1
13.4745, 2
13.4777, 3
13.4807, 3
13.4842, 4
13.4876, 5
13.4968, 5
13.5006, 6
13.5027, 7
13.5069, 7
13.5076, 3
13.5083, 1
13.5097, 3
13.5121, 0
13.5154, 2
13.5178, 1
13.5213, 1
13.5248, 0
13.5270, 0
13.5303, 0
13.5337, 1
13.5370, 0
13.5404, 1
13.5437, 3
13.5479, 4
13.5512, 4
13.5536, 3
13.5579, 4
13.5603, 5
13.5635, 4
13.5689, 6
13.5702, 8
13.5735, 8
13.5769, 9
13.5802, 11
13.5835, 7
13.5869, 7
13.5903, 6
13.5937, 6
13.5970, 5
13.6004, 6
13.6038, 5
13.6073, 6
13.6107, 8
13.6151, 11
13.6196, 13
13.6220, 14
13.6244, 15
13.6298, 18
13.6321, 19
13.6365, 20
13.6398, 17
13.6432, 17
13.6465, 18
13.6499, 19
13.6533, 19
13.6567, 21
13.6601, 17
13.6634, 18
13.6667, 12
13.6702, 9
13.6736, 6
13.6772, 0
13.6805, 0
13.6836, 1
13.6865, 3
13.6895, 5
13.6933, 7
13.6957, 9
13.6990, 11
13.7025, 12
13.7056, 13
13.7086, 15
13.7121, 17
13.7148, 15
13.7180, 15
13.7218, 17
13.7254, 19
13.7294, 20
13.7332, 21
13.7375, 23
13.7417, 23
13.7460, 25
13.7504, 22
13.7535, 22
13.7565, 23
13.7595, 23
13.7626, 24
13.7657, 26
13.7686, 27
13.7717, 29
13.7747, 31
13.7780, 33
13.7812, 32
13.7843, 28
13.7876, 27
13.7910, 25
13.7944, 25
13.7973, 23
13.8002, 23
13.8037, 21
13.8064, 19
13.8098, 19
13.8128, 17
13.8161, 15
13.8200, 15
13.8235, 13
13.8268, 11
13.8315, 10
13.8346, 9
13.8388, 7
13.8450, 6
13.8482, 5
13.8526, 3
13.8560, 3
13.8589, 3
13.8633, 4
13.8663, 5
13.8692, 5
13.8727, 5
13.8753, 6
13.8785, 7
13.8816, 7
13.8848, 8
13.8880, 9
13.8920, 9
13.8954, 9
13.8987, 10
13.9020, 10
13.9048, 11
13.9067, 11
13.9082, 11
13.9095, 11
13.9114, 12
13.9141, 12
13.9170, 13
13.9198, 13
13.9224, 13
13.9250, 13
13.9278, 13
13.9305, 13
13.9332, 14
13.9372, 14
13.9386, 15
13.9413, 15
13.9445, 15
13.9481, 15
13.9503, 15
13.9524, 15
13.9551, 15
13.9584, 16
13.9611, 17
13.9640, 17
13.9665, 17
13.9692, 17
13.9719, 18
13.9748, 18
13.9776, 19
13.9806, 19
13.9837, 19
13.9865, 21
13.9887, 22
13.9919, 23
13.9941, 25
13.9972, 27
14.0003, 28
14.0028, 29
14.0059, 31
14.0083, 32
14.0108, 33
14.0140, 35
14.0169, 37
14.0195, 37
14.0223, 39
14.0250, 40
14.0290, 41
14.0310, 42
14.0358, 43
14.0390, 44
14.0419, 45
14.0452, 47
14.0477, 47
14.0508, 49
14.0539, 49
14.0571, 51
14.0605, 51
14.0636, 51
14.0697, 52
14.0710, 53
14.0727, 53
14.0764, 55
14.0783, 55
14.0806, 56
14.0835, 56
14.0861, 57
14.0893, 57
14.0917, 59
14.0947, 59
14.0968, 61
14.1000, 61
14.1026, 61
14.1057, 63
14.1086, 63
14.1117, 63
14.1147, 62
14.1179, 60
14.1212, 62
14.1238, 62
14.1267, 62
14.1313, 62
14.1339, 62
14.1378, 61
14.1416, 58
14.1451, 56
14.1489, 54
14.1530, 54
14.1553, 54
14.1573, 52
14.1600, 51
14.1628, 50
14.1657, 50
14.1687, 49
14.1718, 47
14.1743, 46
14.1772, 44
14.1800, 44
14.1829, 43
14.1857, 41
14.1882, 41
14.1912, 43
14.1940, 45
14.1988, 44
14.1995, 43
14.2023, 41
14.2058, 39
14.2090, 37
14.2121, 36
14.2154, 34
14.2189, 33
14.2227, 30
14.2267, 28
14.2303, 25
14.2343, 23
14.2385, 19
14.2421, 17
14.2457, 13
14.2493, 11
14.2530, 10
14.2566, 9
14.2606, 7
14.2647, 3
14.2687, 1
14.2727, 0
14.2778, 0
14.2813, 0
14.2855, 0
14.2901, 0
14.2930, 0
14.2978, 0
14.3010, 0
14.3055, 0
14.3087, 0
14.3120, 0
14.3165, 0
14.3196, 0
14.3231, 0
14.3268, 0
14.3311, 0
14.3359, 0
14.3382, 0
14.3408, 0
14.3432, 0
14.3464, 0
14.3486, 1
14.3534, 0
14.3574, 2
14.3608, 3
14.3644, 1
14.3674, 0
14.3721, 0
14.3743, 0
14.3778, 1
14.3808, 0
14.3836, 0
14.3865, 0
14.3885, 0
14.3913, 0
14.3950, 0
14.3981, 2
14.4010, 1
14.4043, 1
14.4087, 1
14.4132, 2
14.4165, 2
14.4225, 2
14.4246, 3
14.4290, 4
14.4313, 4
14.4394, 3
14.4403, 3
14.4436, 2
14.4463, 0
14.4491, 0
14.4527, 0
14.4563, 0
14.4604, 0
14.4631, 0
14.4672, 0
14.4723, 0
14.4765, 0
14.4814, 0
14.4842, 0
14.4872, 0
14.4899, 0
14.4943, 0
14.4972, 0
14.5008, 0
14.5035, 0
14.5076, 0
14.5112, 1
14.5154, 2
14.5187, 1
14.5226, 3
14.5294, 4
14.5311, 4
14.5340, 0
14.5378, 0
14.5411, 0
14.5445, 0
14.5463, 0
14.5505, 0
14.5534, 0
14.5554, 0
14.5583, 0
14.5611, 0
14.5640, 0
14.5658, 0
14.5705, 2
14.5745, 1
14.5764, 0
14.5791, 0
14.5828, 0
14.5867, 3
14.5907, 3
14.5928, 2
14.5960, 1
14.5980, 0
14.6011, 1
14.6041, 0
14.6064, 0
14.6086, 0
14.6117, 0
14.6147, 0
14.6187, 0
14.6219, 0
14.6263, 1
14.6283, 0
14.6313, 0
14.6354, 0
14.6375, 0
14.6406, 0
14.6425, 0
14.6457, 0
14.6480, 0
14.6506, 0
14.6530, 0
14.6549, 0
14.6574, 0
14.6599, 0
14.6624, 0
14.6642, 0
14.6667, 0
14.6692, 1
14.6727, 3
14.6761, 5
14.6792, 7
14.6840, 8
14.6881, 9
14.6909, 10
14.6946, 12
14.6986, 14
14.7029, 16
14.7054, 18
14.7077, 20
14.7104, 22
14.7128, 24
14.7153, 13
14.7181, 15
14.7205, 17
14.7230, 19
14.7254, 20
14.7278, 21
14.7302, 23
14.7333, 23
14.7351, 23
14.7376, 24
14.7399, 23
14.7426, 23
14.7451, 24
14.7476, 25
14.7506, 25
14.7526, 25
14.7551, 27
14.7575, 27
14.7603, 27
14.7629, 27
14.7654, 27
14.7682, 27
14.7712, 26
14.7734, 26
14.7761, 26
14.7785, 26
14.7809, 26
14.7835, 26
14.7858, 26
14.7884, 26
14.7910, 21
14.7936, 20
14.7966, 17
14.7988, 17
14.8025, 15
14.8060, 13
14.8097, 12
14.8135, 11
14.8167, 11
14.8205, 10
14.8245, 9
14.8288, 9
14.8317, 7
14.8346, 5
14.8374, 3
14.8400, 3
14.8429, 0
14.8460, 0
14.8491, 0
14.8521, 0
14.8552, 2
14.8582, 4
14.8613, 6
14.8643, 6
14.8675, 8
14.8704, 10
14.8735, 12
14.8764, 14
14.8794, 16
14.8825, 9
14.8852, 11
14.8874, 13
14.8897, 15
14.8926, 15
14.8946, 17
14.8970, 17
14.8997, 17
14.9024, 19
14.9057, 19
14.9088, 19
14.9117, 19
14.9146, 19
14.9176, 19
14.9205, 21
14.9240, 21
14.9271, 22
14.9296, 22
14.9323, 22
14.9353, 23
14.9384, 24
14.9420, 25
14.9451, 25
14.9481, 25
14.9512, 26
14.9538, 22
14.9568, 24
14.9594, 26
14.9617, 26
14.9640, 27
14.9665, 27
14.9693, 28
14.9726, 29
14.9742, 29
14.9768, 29
14.9798, 28
14.9829, 28
14.9859, 29
14.9890, 28
14.9921, 29
14.9951, 29
14.9982, 28
15.0013, 27
15.0045, 28
15.0078, 28
15.0103, 27
15.0130, 27
15.0157, 27
15.0181, 27
15.0208, 27
15.0236, 29
15.0263, 28
15.0293, 28
15.0316, 28
15.0343, 28
15.0371, 27
15.0397, 29
15.0429, 30
15.0449, 31
15.0470, 32
15.0498, 31
15.0518, 32
15.0545, 32
15.0583, 31
15.0613, 31
15.0639, 31
15.0672, 31
15.0698, 31
15.0730, 31
15.0765, 29
15.0798, 28
15.0831, 28
15.0852, 28
15.0871, 27
15.0895, 27
15.0919, 27
15.0942, 27
15.0973, 27
15.1001, 26
15.1043, 28
15.1056, 27
15.1084, 27
15.1118, 26
15.1143, 25
15.1180, 25
15.1207, 25
15.1231, 21
15.1260, 20
15.1291, 19
15.1327, 19
15.1361, 19
15.1392, 18
15.1421, 17
15.1456, 17
15.1506, 16
15.1517, 15
15.1556, 15
15.1585, 14
15.1615, 13
15.1641, 13
15.1668, 12
15.1689, 11
15.1713, 11
15.1738, 9
15.1769, 8
15.1799, 7
15.1819, 3
15.1843, 3
15.1874, 1
15.1901, 0
15.1926, 0
15.1955, 0
15.1975, 0
15.1998, 0
15.2029, 0
15.2060, 0
15.2098, 0
15.2133, 0
15.2162, 0
15.2189, 0
15.2209, 0
15.2233, 0
15.2279, 0
15.2289, 0
15.2304, 0
15.2327, 0
15.2349, 0
15.2372, 0
15.2395, 1
15.2418, 2
15.2441, 3
15.2459, 2
15.2482, 1
15.2505, 2
15.2526, 3
15.2548, 3
15.2594, 3
15.2612, 5
15.2640, 6
15.2662, 7
15.2681, 9
15.2731, 11
15.2750, 10
15.2777, 6
15.2805, 8
15.2834, 10
15.2860, 10
15.2889, 10
15.2916, 10
15.2944, 8
15.2970, 10
15.2998, 10
15.3026, 11
15.3053, 11
15.3079, 11
15.3106, 11
15.3125, 12
15.3161, 12
15.3181, 13
15.3213, 13
15.3240, 13
15.3271, 13
15.3289, 12
15.3311, 12
15.3336, 13
15.3362, 13
15.3387, 13
15.3410, 13
15.3433, 7
15.3456, 5
15.3479, 4
15.3514, 2
15.3529, 1
15.3556, 0
15.3581, 0
15.3605, 0
15.3645, 0
15.3666, 0
15.3701, 0
15.3722, 0
15.3751, 0
15.3778, 0
15.3806, 0
15.3833, 0
15.3863, 0
15.3890, 0
15.3922, 0
15.3947, 0
15.3980, 0
15.3989, 0
15.4014, 0
15.4035, 0
15.4056, 0
15.4076, 0
15.4125, 0
15.4129, 0
15.4164, 0
15.4210, 0
15.4243, 0
15.4282, 0
15.4320, 2
15.4356, 4
15.4395, 3
15.4412, 3
15.4437, 3
15.4459, 5
15.4485, 5
15.4512, 1
15.4538, 2
15.4567, 1
15.4610, 1
15.4644, 3
15.4688, 3
15.4729, 3
15.4773, 3
15.4816, 5
15.4854, 4
15.4897, 4
15.4927, 5
15.4955, 5
15.4996, 5
15.5040, 5
15.5056, 5
15.5079, 7
15.5137, 7
15.5176, 7
15.5213, 6
15.5249, 7
15.5286, 7
15.5326, 9
15.5371, 11
15.5399, 8
15.5437, 8
15.5473, 9
15.5497, 9
15.5520, 9
15.5545, 10
15.5570, 10
15.5593, 11
15.5624, 11
15.5649, 11
15.5676, 12
15.5698, 13
15.5727, 12
15.5750, 13
15.5773, 13
15.5797, 14
15.5823, 16
15.5860, 17
15.5892, 19
15.5928, 21
15.5953, 23
15.5971, 25
15.6005, 27
15.6044, 29
15.6076, 31
15.6129, 31
15.6153, 22
15.6191, 19
15.6217, 17
15.6238, 17
15.6263, 19
15.6289, 21
15.6327, 23
15.6350, 25
15.6395, 24
15.6428, 26
15.6464, 28
15.6490, 30
15.6524, 14
15.6557, 14
15.6599, 15
15.6616, 15
15.6660, 14
15.6695, 13
15.6733, 13
15.6761, 13
15.6799, 13
15.6828, 13
15.6864, 13
15.6896, 13
15.6935, 14
15.6964, 14
15.7002, 14
15.7026, 14
15.7063, 15
15.7100, 15
15.7134, 15
15.7168, 16
15.7214, 17
15.7252, 16
15.7287, 16
15.7326, 17
15.7361, 17
15.7528, 17
15.7619, 17
15.7629, 17
15.7638, 17
15.7647, 18
15.7656, 19
15.7666, 19
15.7675, 20
15.7684, 20
15.7736, 19
15.7773, 20
15.7813, 21
15.7851, 22
15.7892, 23
15.7929, 23
15.7977, 23
15.8016, 24
15.8062, 25
15.8103, 25
15.8142, 25
15.8175, 25
15.8219, 25
15.8262, 25
15.8301, 26
15.8334, 25
15.8375, 25
15.8411, 25
15.8451, 25
15.8492, 25
15.8541, 25
15.8579, 25
15.8621, 25
15.8663, 25
15.8696, 24
15.8722, 24
15.8752, 25
15.8789, 25
15.8814, 25
15.8852, 25
15.8872, 25
15.8912, 25
15.8932, 24
15.8967, 25
15.9000, 25
15.9036, 27
15.9048, 27
15.9073, 27
15.9120, 29
15.9148, 30
15.9174, 32
15.9213, 32
15.9244, 31
15.9274, 32
15.9313, 32
15.9360, 33
15.9395, 34
15.9490, 34
15.9535, 32
15.9547, 31
15.9560, 32
15.9579, 34
15.9629, 34
15.9683, 34
15.9734, 35
15.9778, 35
15.9817, 35
15.9852, 35
15.9916, 37
15.9950, 37
15.9984, 36
16.0040, 37
16.0089, 39
16.0129, 39
16.0183, 39
16.0228, 38
16.0271, 38
16.0321, 37
16.0357, 37
16.0396, 38
16.0455, 37
16.0477, 37
16.0513, 38
16.0548, 39
16.0583, 39
16.0617, 41
16.0652, 41
16.0685, 43
16.0726, 45
16.0763, 45
16.0805, 47
16.0842, 47
16.0901, 47
16.0932, 47
16.0944, 47
16.0984, 48
16.1021, 49
16.1035, 47
16.1054, 45
16.1081, 44
16.1103, 46
16.1130, 47
16.1162, 46
16.1191, 43
16.1220, 44
16.1251, 44
16.1280, 43
16.1354, 43
16.1366, 42
16.1378, 41
16.1403, 41
16.1450, 40
16.1490, 39
16.1512, 38
16.1552, 37
16.1597, 37
16.1627, 36
16.1649, 35
16.1676, 33
16.1698, 33
16.1718, 33
16.1763, 32
16.1793, 31
16.1822, 31
16.1843, 30
16.1872, 29
16.1918, 29
16.1932, 28
16.1957, 27
16.1981, 27
16.2008, 27
16.2035, 28
16.2056, 29
16.2089, 27
16.2117, 26
16.2141, 25
16.2167, 25
16.2192, 24
16.2211, 23
16.2233, 23
16.2254, 22
16.2282, 21
16.2303, 21
16.2329, 20
16.2352, 19
16.2377, 19
16.2399, 17
16.2423, 17
16.2446, 17
16.2469, 15
16.2493, 15
16.2517, 15
16.2539, 13
16.2574, 13
16.2615, 13
16.2630, 12
16.2674, 11
16.2704, 5
16.2734, 5
16.2767, 5
16.2814, 4
16.2843, 3
16.2888, 0
16.2937, 0
16.2961, 0
16.2989, 0
16.3018, 0
16.3066, 0
16.3101, 0
16.3142, 0
16.3161, 0
16.3202, 0
16.3237, 0
16.3277, 1
16.3295, 1
16.3317, 1
16.3341, 2
16.3380, 1
16.3419, 1
16.3453, 1
16.3492, 1
16.3530, 1
16.3569, 1
16.3615, 1
16.3656, 1
16.3695, 3
16.3734, 3
16.3762, 3
16.3815, 4
16.3852, 3
16.3889, 3
16.3920, 3
16.3956, 4
16.3973, 3
16.4018, 2
16.4061, 3
16.4116, 1
16.4133, 3
16.4150, 1
16.4179, 1
16.4203, 0
16.4257, 0
16.4280, 0
16.4300, 0
16.4324, 0
16.4343, 0
16.4360, 0
16.4378, 0
16.4409, 0
16.4438, 0
16.4443, 0
16.4477, 0
16.4492, 0
16.4525, 0
16.4553, 0
16.4581, 0
16.4621, 0
16.4641, 0
16.4679, 1
16.4702, 1
16.4733, 1
16.4759, 1
16.4793, 2
16.4819, 1
16.4851, 1
16.4880, 1
16.4965, 0
16.4990, 0
16.5043, 1
16.5063, 0
16.5082, 0
16.5116, 0
16.5176, 0
16.5217, 0
16.5263, 0
16.5298, 0
16.5332, 0
16.5365, 0
16.5402, 0
16.5424, 0
16.5456, 0
16.5484, 0
16.5516, 0
16.5538, 0
16.5565, 0
16.5594, 0
16.5626, 0
16.5649, 0
16.5675, 0
16.5702, 0
16.5730, 0
16.5756, 0
16.5781, 0
16.5810, 0
16.5834, 0
16.5862, 0
16.5891, 0
16.5912, 0
16.5940, 0
16.5969, 0
16.6002, 0
16.6017, 0
16.6044, 0
16.6053, 0
16.6059, 0
16.6064, 0
16.6076, 0
16.6083, 0
16.6089, 0
16.6097, 0
16.6109, 0
16.6119, 0
16.6135, 0
16.6168, 0
16.6201, 0
16.6240, 0
16.6273, 0
16.6299, 0
16.6331, 0
16.6372, 0
16.6397, 0
16.6437, 0
16.6473, 0
16.6501, 0
16.6540, 0
16.6583, 0
16.6616, 0
16.6660, 0
16.6700, 0
16.6730, 0
16.6762, 0
16.6803, 0
16.6839, 0
16.6870, 0
16.6902, 0
16.6942, 0
16.6976, 0
16.7019, 1
16.7054, 1
16.7084, 3
16.7114, 5
16.7146, 4
16.7177, 1
16.7209, 3
16.7238, 3
16.7267, 0
16.7299, 1
16.7331, 0
16.7352, 0
16.7384, 0
16.7416, 0
16.7448, 0
16.7481, 0
16.7514, 1
16.7536, 0
16.7560, 1
16.7582, 0
16.7606, 0
16.7646, 1
16.7680, 1
16.7714, 3
16.7758, 6
16.7776, 6
16.7820, 9
16.7851, 11
16.7882, 13
16.7917, 15
16.7928, 16
16.7952, 18
16.7981, 17
16.8005, 16
16.8032, 18
16.8059, 18
16.8086, 19
16.8113, 19
16.8141, 19
16.8172, 20
16.8197, 20
16.8217, 20
16.8248, 20
16.8281, 20
16.8325, 20
16.8355, 20
16.8380, 19
16.8415, 20
16.8446, 20
16.8477, 20
16.8511, 20
16.8540, 18
16.8561, 20
16.8594, 19
16.8626, 21
16.8648, 21
16.8675, 23
16.8704, 25
16.8746, 25
16.8762, 26
16.8788, 27
16.8813, 28
16.8841, 29
16.8870, 30
16.8908, 31
16.8935, 32
16.8954, 34
16.8975, 36
16.9002, 36
16.9032, 38
16.9065, 40
16.9127, 41
16.9136, 41
16.9149, 42
16.9181, 44
16.9211, 46
16.9241, 46
16.9274, 47
16.9300, 49
16.9320, 50
16.9360, 52
16.9383, 53
16.9409, 53
16.9449, 54
16.9471, 56
16.9500, 57
16.9525, 59
16.9573, 61
16.9605, 63
16.9629, 62
16.9659, 62
16.9683, 61
16.9715, 60
16.9757, 61
16.9798, 60
16.9816, 61
16.9836, 60
16.9857, 60
16.9900, 60
16.9946, 60
16.9986, 58
17.0022, 58
17.0069, 58
17.0096, 59
17.0120, 59
17.0140, 57
17.0173, 59
17.0202, 61
17.0244, 63
17.0279, 60
17.0317, 60
17.0353, 58
17.0385, 58
17.0399, 58
17.0452, 56
17.0479, 56
17.0504, 56
17.0534, 52
17.0562, 48
17.0610, 47
17.0639, 42
17.0667, 38
17.0694, 34
17.0733, 30
17.0764, 27
17.0799, 24
17.0813, 19
17.0842, 17
17.0880, 14
17.0945, 11
17.0950, 9
17.0967, 5
17.1017, 1
17.1063, 0
17.1105, 0
17.1120, 0
17.1152, 0
17.1189, 1
17.1216, 0
17.1255, 0
17.1300, 0
17.1339, 0
17.1350, 0
17.1392, 0
17.1410, 0
17.1451, 0
17.1461, 0
17.1506, 0
17.1552, 0
17.1596, 0
17.1625, 0
17.1653, 0
17.1686, 0
17.1724, 0
17.1760, 0
17.1834, 0
17.1849, 0
17.1905, 0
17.1918, 0
17.1954, 0
17.1985, 0
17.2022, 0
17.2064, 0
17.2091, 0
17.2104, 0
17.2136, 0
17.2176, 0
17.2219, 0
17.2233, 0
17.2277, 0
17.2309, 0
17.2323, 0
17.2338, 0
17.2396, 1
17.2423, 0
17.2452, 0
17.2478, 0
17.2501, 0
17.2532, 0
17.2567, 0
17.2596, 0
17.2627, 0
17.2655, 1
17.2687, 1
17.2721, 1
17.2752, 1
17.2785, 1
17.2814, 1
17.2845, 1
17.2872, 2
17.2904, 2
17.2940, 3
17.2969, 3
17.2998, 3
17.3029, 3
17.3059, 3
17.3089, 4
17.3119, 5
17.3151, 5
17.3180, 5
17.3206, 6
17.3217, 7
17.3228, 7
17.3254, 7
17.3268, 8
17.3281, 9
17.3294, 10
17.3311, 11
17.3324, 11
17.3342, 12
17.3356, 7
17.3369, 7
17.3393, 7
17.3418, 6
17.3442, 7
17.3467, 7
17.3484, 6
17.3512, 6
17.3534, 6
17.3556, 6
17.3583, 6
17.3608, 6
17.3633, 6
17.3659, 6
17.3679, 7
17.3702, 7
17.3730, 7
17.3755, 7
17.3782, 7
17.3804, 7
17.3830, 7
17.3855, 7
17.3875, 7
17.3900, 7
17.3924, 7
17.3953, 7
17.3987, 7
17.4007, 7
17.4032, 7
17.4056, 7
17.4086, 7
17.4107, 7
17.4122, 7
17.4154, 7
17.4176, 9
17.4201, 11
17.4225, 11
17.4250, 11
17.4274, 12
17.4299, 13
17.4324, 14
17.4346, 15
17.4370, 15
17.4395, 17
17.4419, 17
17.4444, 18
17.4468, 17
17.4500, 17
17.4522, 17
17.4559, 19
17.4594, 17
17.4612, 15
17.4636, 14
17.4663, 14
17.4692, 15
17.4722, 13
17.4750, 15
17.4779, 14
17.4807, 15
17.4835, 16
17.4870, 17
17.4897, 19
17.4929, 21
17.4961, 21
17.4969, 23
17.5030, 25
17.5045, 25
17.5087, 27
17.5119, 29
17.5161, 30
17.5198, 31
17.5216, 33
17.5249, 34
17.5281, 35
17.5379, 37
17.5416, 37
17.5457, 39
17.5489, 41
17.5526, 36
17.5558, 36
17.5588, 35
17.5617, 35
17.5656, 35
17.5692, 34
17.5718, 32
17.5759, 31
17.5779, 29
17.5812, 27
17.5844, 25
17.5878, 24
17.5913, 23
17.5939, 21
17.5967, 20
17.5996, 19
17.6029, 17
17.6068, 15
17.6093, 14
17.6124, 13
17.6149, 11
17.6173, 10
17.6203, 8
17.6229, 7
17.6256, 5
17.6289, 3
17.6313, 4
17.6339, 1
17.6367, 0
17.6393, 1
17.6420, 1
17.6443, 0
17.6465, 0
17.6492, 0
17.6518, 0
17.6544, 0
17.6578, 0
17.6596, 1
17.6613, 3
17.6634, 3
17.6658, 5
17.6681, 7
17.6705, 8
17.6727, 9
17.6753, 11
17.6777, 12
17.6801, 13
17.6827, 15
17.6843, 16
17.6867, 16
17.6892, 18
17.6915, 19
17.6940, 19
17.6962, 18
17.6986, 16
17.7011, 14
17.7045, 12
17.7057, 12
17.7081, 10
17.7109, 8
17.7153, 6
17.7172, 5
17.7214, 5
17.7239, 7
17.7280, 9
17.7311, 10
17.7337, 12
17.7375, 13
17.7407, 15
17.7432, 16
17.7474, 18
17.7508, 20
17.7539, 21
17.7572, 22
17.7617, 24
17.7652, 25
17.7679, 25
17.7718, 27
17.7761, 29
17.7793, 29
17.7828, 31
17.7852, 32
17.7893, 33
17.7910, 35
17.7941, 36
17.7971, 38
17.8003, 40
17.8031, 41
17.8063, 41
17.8094, 42
17.8126, 43
17.8157, 45
17.8189, 45
17.8221, 47
17.8253, 48
17.8284, 49
17.8315, 51
17.8347, 52
17.8378, 53
17.8410, 55
17.8440, 55
17.8472, 57
17.8504, 57
17.8535, 54
17.8567, 53
17.8597, 49
17.8629, 46
17.8661, 43
17.8694, 41
17.8726, 40
17.8758, 41
17.8791, 41
17.8822, 41
17.8856, 41
17.8889, 36
17.8921, 32
17.8956, 29
17.8987, 25
17.9019, 24
17.9043, 19
17.9067, 15
17.9097, 14
17.9121, 10
17.9152, 8
17.9184, 5
17.9216, 3
17.9247, 1
17.9279, 1
17.9310, 1
17.9344, 0
17.9379, 0
17.9410, 0
17.9440, 0
17.9472, 0
17.9504, 0
17.9535, 0
17.9568, 0
17.9598, 0
17.9627, 0
17.9653, 0
17.9674, 0
17.9704, 0
17.9726, 0
17.9743, 0
17.9768, 1
17.9784, 1
17.9811, 2
17.9847, 3
17.9869, 3
17.9897, 3
17.9922, 4
17.9943, 3
17.9973, 5
18.0009, 4
18.0053, 5
18.0096, 6
18.0114, 5
18.0146, 6
18.0184, 6
18.0225, 5
18.0266, 5
18.0307, 3
18.0335, 1
18.0350, 1
18.0375, 1
18.0397, 1
18.0431, 1
18.0458, 2
18.0489, 3
18.0511, 2
18.0541, 2
18.0573, 3
18.0605, 3
18.0645, 4
18.0667, 3
18.0699, 4
18.0729, 4
18.0762, 5
18.0795, 5
18.0826, 6
18.0858, 4
18.0891, 5
18.0924, 5
18.0955, 6
18.0987, 7
18.1019, 5
18.1046, 5
18.1074, 6
18.1107, 7
18.1133, 7
18.1155, 9
18.1184, 9
18.1212, 11
18.1241, 11
18.1264, 13
18.1298, 14
18.1323, 15
18.1351, 16
18.1387, 17
18.1424, 18
18.1453, 19
18.1489, 21
18.1510, 21
18.1543, 23
18.1577, 22
18.1607, 24
18.1634, 25
18.1663, 27
18.1696, 25
18.1731, 16
18.1760, 13
18.1789, 12
18.1822, 9
18.1855, 9
18.1889, 9
18.1914, 5
18.1939, 6
18.1983, 6
18.2014, 6
18.2045, 5
18.2079, 4
18.2101, 2
18.2145, 0
18.2173, 0
18.2205, 0
18.2223, 1
18.2249, 1
18.2279, 1
18.2307, 1
18.2321, 2
18.2349, 3
18.2380, 1
18.2409, 2
18.2442, 1
18.2473, 0
18.2503, 0
18.2535, 1
18.2563, 1
18.2595, 1
18.2625, 0
18.2649, 0
18.2671, 0
18.2702, 0
18.2733, 0
18.2766, 0
18.2800, 0
18.2832, 1
18.2864, 0
18.2895, 0
18.2928, 0
18.2959, 0
18.2990, 0
18.3020, 0
18.3059, 0
18.3098, 0
18.3123, 0
18.3156, 0
18.3185, 0
18.3220, 0
18.3240, 0
18.3285, 1
18.3323, 1
18.3370, 2
18.3404, 2
18.3444, 3
18.3483, 5
18.3503, 6
18.3532, 7
18.3565, 9
18.3597, 10
18.3629, 10
18.3658, 11
18.3690, 12
18.3726, 13
18.3759, 14
18.3795, 15
18.3827, 16
18.3860, 17
18.3892, 18
18.3925, 19
18.3958, 20
18.3991, 21
18.4024, 22
18.4057, 23
18.4089, 24
18.4122, 23
18.4155, 23
18.4188, 21
18.4221, 22
18.4255, 21
18.4287, 21
18.4317, 21
18.4350, 19
18.4380, 17
18.4408, 16
18.4446, 14
18.4484, 13
18.4513, 11
18.4547, 10
18.4574, 9
18.4604, 8
18.4636, 6
18.4666, 5
18.4693, 4
18.4723, 1
18.4757, 1
18.4787, 0
18.4816, 0
18.4848, 0
18.4878, 0
18.4963, 0
18.4997, 0
18.5036, 0
18.5073, 0
18.5112, 0
18.5144, 0
18.5177, 0
18.5215, 1
18.5250, 0
18.5286, 0
18.5328, 0
18.5368, 0
18.5399, 0
18.5448, 1
18.5479, 1
18.5509, 2
18.5572, 3
18.5583, 3
18.5596, 5
18.5603, 5
18.5613, 7
18.5662, 9
18.5697, 10
18.5731, 9
18.5771, 10
18.5805, 10
18.5840, 10
18.5864, 9
18.5896, 10
18.5931, 9
18.5964, 10
18.6033, 9
18.6044, 10
18.6054, 10
18.6068, 10
18.6093, 10
18.6127, 10
18.6147, 9
18.6171, 10
18.6202, 10
18.6223, 9
18.6256, 10
18.6286, 10
18.6302, 10
18.6320, 10
18.6343, 10
18.6438, 10
18.6532, 10
18.6541, 10
18.6566, 10
18.6595, 10
18.6642, 10
18.6800, 11
18.6828, 10
18.6837, 11
18.6852, 11
18.6881, 12
18.6895, 12
18.6919, 12
18.6932, 12
18.6947, 12
18.6956, 12
18.6965, 12
18.6974, 12
18.6982, 12
18.6995, 12
18.7006, 12
18.7070, 12
18.7081, 13
18.7095, 13
18.7106, 13
18.7115, 13
18.7130, 13
18.7139, 14
18.7167, 14
18.7177, 15
18.7185, 15
18.7195, 15
18.7204, 16
18.7221, 12
18.7234, 13
18.7250, 14
18.7261, 15
18.7273, 15
18.7297, 16
18.7306, 16
18.7315, 16
18.7328, 16
18.7336, 16
18.7354, 16
18.7370, 16
18.7389, 17
18.7409, 17
18.7428, 17
18.7442, 17
18.7471, 17
18.7484, 17
18.7507, 18
18.7527, 17
18.7551, 18
18.7573, 18
18.7597, 18
18.7637, 18
18.7662, 19
18.7697, 19
18.7740, 19
18.7773, 19
18.7807, 19
18.7825, 19
18.7847, 20
18.7867, 20
18.7885, 20
18.7955, 21
18.7964, 21
18.7998, 21
18.8008, 22
18.8017, 22
18.8025, 22
18.8034, 22
18.8046, 22
18.8055, 22
18.8075, 22
18.8121, 22
18.8131, 22
18.8158, 22
18.8176, 22
18.8213, 23
18.8220, 22
18.8244, 23
18.8269, 23
18.8299, 22
18.8320, 22
18.8336, 22
18.8357, 22
18.8383, 22
18.8411, 23
18.8424, 23
18.8460, 23
18.8469, 22
18.8495, 21
18.8523, 21
18.8528, 21
18.8551, 21
18.8591, 20
18.8621, 19
18.8644, 17
18.8675, 15
18.8698, 12
18.8729, 9
18.8747, 6
18.8778, 1
18.8793, 0
18.8812, 0
18.8836, 0
18.8869, 0
18.8896, 0
18.8919, 0
18.8941, 0
18.8965, 0
18.8990, 0
18.9001, 0
18.9020, 0
18.9048, 0
18.9073, 0
18.9096, 0
18.9120, 0
18.9143, 0
18.9162, 0
18.9186, 0
18.9210, 0
18.9233, 0
18.9253, 0
18.9270, 0
18.9294, 0
18.9317, 0
18.9340, 0
18.9366, 0
18.9389, 0
18.9412, 0
18.9435, 0
18.9464, 0
18.9483, 0
18.9507, 0
18.9531, 0
18.9545, 0
18.9569, 0
18.9588, 0
18.9607, 0
18.9628, 0
18.9640, 0
18.9665, 0
18.9680, 0
18.9715, 0
18.9729, 0
18.9753, 0
18.9765, 0
18.9784, 0
18.9817, 0
18.9835, 0
18.9863, 0
18.9883, 0
18.9901, 0
18.9935, 0
18.9957, 0
18.9970, 0
19.0021, 0
19.0045, 0
19.0067, 0
19.0091, 0
19.0114, 0
19.0201, 0
19.0227, 0
19.0239, 0
19.0253, 0
19.0269, 0
19.0341, 0
19.0354, 0
19.0366, 0
19.0381, 0
19.0394, 0
19.0403, 0
19.0414, 0
19.0433, 0
19.0445, 0
19.0462, 0
19.0503, 0
19.0517, 1
19.0538, 0
19.0555, 0
19.0576, 0
19.0594, 1
19.0613, 1
19.0631, 1
19.0645, 2
19.0660, 2
19.0677, 2
19.0693, 3
19.0717, 3
19.0748, 4
19.0772, 4
19.0799, 5
19.0824, 5
19.0851, 6
19.0873, 5
19.0899, 6
19.0922, 7
19.0946, 2
19.0970, 2
19.0991, 1
19.1008, 1
19.1020, 2
19.1046, 2
19.1069, 1
19.1087, 0
19.1152, 0
19.1190, 0
19.1248, 0
19.1258, 0
19.1267, 0
19.1281, 0
19.1303, 1
19.1340, 2
19.1364, 2
19.1404, 3
19.1427, 4
19.1448, 5
19.1482, 6
19.1508, 7
19.1516, 8
19.1531, 9
19.1553, 10
19.1583, 11
19.1598, 12
19.1647, 13
19.1766, 14
19.1777, 9
19.1785, 9
19.1792, 8
19.1800, 8
19.1807, 9
19.1849, 10
19.1856, 11
19.1863, 12
19.1987, 12
19.2005, 13
19.2119, 13
19.2126, 13
19.2162, 14
19.2170, 13
19.2177, 14
19.2185, 13
19.2293, 14
19.2306, 14
19.2314, 15
19.2322, 15
19.2486, 15
19.2504, 15
19.2522, 16
19.2543, 17
19.2570, 15
19.2586, 16
19.2605, 17
19.2626, 17
19.2647, 18
19.2665, 14
19.2688, 12
19.2712, 11
19.2743, 10
19.2961, 9
19.2976, 0
19.2990, 0
19.3046, 0
19.3053, 0
19.3061, 1
19.3069, 1
19.3076, 1
19.3116, 1
19.3124, 2
19.3132, 2
19.3140, 2
19.3152, 2
19.3160, 2
19.3168, 3
19.3176, 3
19.3184, 4
19.3192, 4
19.3199, 4
19.3208, 5
19.3216, 5
19.3228, 5
19.3236, 6
19.3244, 6
19.3252, 6
19.3266, 6
19.3281, 7
19.3289, 7
19.3312, 7
19.3322, 8
19.3330, 8
19.3352, 8
19.3372, 9
19.3380, 9
19.3388, 9
19.3397, 9
19.3405, 10
19.3415, 10
19.3423, 10
19.3433, 11
19.3441, 11
19.3451, 11
19.3460, 11
19.3469, 11
19.3478, 11
19.3488, 11
19.3561, 12
19.3592, 13
19.3621, 18
19.3650, 18
19.3678, 19
19.3707, 19
19.3729, 20
19.3755, 20
19.3778, 20
19.3808, 21
19.3838, 22
19.3869, 21
19.3892, 22
19.3914, 22
19.3938, 22
19.3959, 23
19.3983, 23
19.4028, 22
19.4058, 21
19.4082, 22
19.4105, 23
19.4131, 23
19.4159, 23
19.4184, 23
19.4213, 22
19.4229, 22
19.4243, 22
19.4257, 21
19.4274, 21
19.4287, 21
19.4301, 21
19.4320, 21
19.4331, 21
19.4348, 21
19.4359, 22
19.4376, 22
19.4387, 23
19.4405, 23
19.4417, 24
19.4434, 25
19.4445, 25
19.4463, 26
19.4474, 27
19.4485, 27
19.4501, 28
19.4518, 28
19.4528, 28
19.4547, 29
19.4558, 30
19.4569, 30
19.4586, 31
19.4597, 31
19.4619, 32
19.4630, 31
19.4647, 32
19.4658, 33
19.4674, 33
19.4685, 34
19.4700, 32
19.4713, 33
19.4728, 34
19.4746, 35
19.4758, 31
19.4769, 32
19.4788, 33
19.4798, 34
19.4813, 35
19.4824, 36
19.4842, 37
19.4853, 38
19.4868, 39
19.4881, 39
19.4892, 40
19.4907, 39
19.4918, 40
19.4935, 40
19.4946, 40
19.4964, 40
19.4974, 40
19.4985, 40
19.5003, 39
19.5014, 39
19.5033, 39
19.5073, 39
19.5084, 39
19.5102, 39
19.5112, 39
19.5122, 39
19.5132, 39
19.5140, 39
19.5150, 39
19.5160, 39
19.5171, 39
19.5184, 39
19.5199, 39
19.5210, 39
19.5222, 39
19.5233, 39
19.5244, 39
19.5255, 38
19.5294, 38
19.5302, 38
19.5309, 38
19.5316, 38
19.5324, 38
19.5331, 38
19.5339, 37
19.5346, 37
19.5360, 38
19.5384, 37
19.5409, 37
19.5424, 38
19.5444, 37
19.5469, 37
19.5481, 37
19.5499, 37
19.5516, 37
19.5530, 36
19.5547, 36
19.5565, 34
19.5586, 29
19.5599, 24
19.5619, 21
19.5638, 19
19.5655, 19
19.5673, 19
19.5691, 19
19.5709, 19
19.5726, 18
19.5743, 18
19.5762, 19
19.6356, 19
19.6366, 19
19.6375, 18
19.6385, 16
19.6394, 15
19.6403, 15
19.6413, 15
19.6422, 4
19.6431, 4
19.6441, 5
19.6450, 5
19.6460, 6
19.6471, 7
19.6483, 7
19.6494, 7
19.6505, 7
19.6516, 7
19.6528, 7
19.6539, 8
19.6550, 8
19.6563, 8
19.6575, 9
19.6587, 10
19.6600, 10
19.6613, 11
19.6625, 8
19.6636, 8
19.6649, 8
19.6661, 7
19.6675, 5
19.6687, 3
19.6700, 2
19.6712, 1
19.6725, 1
19.6736, 1
19.6745, 0
19.6755, 0
19.6768, 0
19.6778, 0
19.6788, 0
19.6799, 0
19.6810, 0
19.6820, 0
19.6831, 0
19.6842, 0
19.6852, 0
19.6863, 0
19.6874, 0
19.6886, 0
19.6909, 0
19.6934, 0
19.6959, 0
19.6988, 0
19.7012, 0
19.7031, 1
19.7053, 1
19.7076, 1
19.7097, 1
19.7118, 1
19.7137, 2
19.7156, 2
19.7183, 2
19.7209, 2
19.7230, 2
19.7240, 3
19.7249, 3
19.7259, 3
19.7269, 3
19.7278, 3
19.7288, 4
19.7298, 4
19.7307, 4
19.7323, 4
19.7351, 4
19.7377, 4
19.7405, 4
19.7427, 4
19.7455, 4
19.7501, 4
19.7515, 5
19.7520, 5
19.7525, 5
19.7547, 5
19.7574, 5
19.7606, 5
19.7646, 5
19.7670, 5
19.7699, 5
19.7715, 6
19.7726, 6
19.7735, 6
19.7747, 6
19.7756, 6
19.7776, 6
19.7790, 6
19.7806, 7
19.7822, 7
19.7832, 7
19.7842, 7
19.7847, 7
19.7870, 7
19.7875, 7
19.7897, 7
19.7913, 7
19.7930, 8
19.7950, 8
19.7960, 8
19.7977, 8
19.7997, 8
19.8015, 8
19.8034, 8
19.8052, 8
19.8065, 9
19.8080, 8
19.8098, 9
19.8120, 0
19.8136, 0
19.8157, 0
19.8175, 0
19.8189, 0
19.8210, 0
19.8227, 0
19.8247, 0
19.8266, 0
19.8284, 0
19.8303, 0
19.8316, 0
19.8332, 0
19.8357, 0
19.8371, 0
19.8397, 0
19.8421, 0
19.8444, 0
19.8453, 0
19.8493, 0
19.8502, 0
19.8512, 0
19.8545, 0
19.8555, 0
19.8567, 0
19.8600, 0
19.8621, 0
19.8642, 0
19.8651, 0
19.8674, 0
19.8686, 0
19.8706, 0
19.8723, 0
19.8739, 0
19.8769, 0
19.8793, 0
19.8808, 0
19.8844, 1
19.8856, 1
19.8874, 1
19.8895, 1
19.8918, 1
19.8943, 1
19.8958, 1
19.8980, 1
19.9000, 1
19.9035, 2
19.9051, 2
19.9069, 1
19.9090, 2
19.9112, 2
19.9129, 2
19.9148, 2
19.9172, 2
19.9197, 2
19.9213, 2
19.9233, 3
19.9256, 2
19.9276, 3
19.9299, 3
19.9319, 3
19.9341, 3
19.9364, 3
19.9385, 3
19.9399, 3
19.9422, 3
19.9444, 4
19.9465, 4
19.9484, 4
19.9507, 4
19.9536, 4
19.9548, 4
19.9605, 4
19.9621, 5
19.9655, 5
19.9675, 5
19.9749, 5
19.9761, 5
19.9778, 5
19.9794, 5
19.9807, 6
19.9825, 6
19.9839, 6
19.9854, 7
19.9871, 7
19.9885, 7
19.9898, 7
19.9911, 8
19.9924, 8
19.9938, 7
19.9960, 7
19.9979, 8
19.9999, 8
20.0012, 9
20.0036, 10
20.0056, 10
20.0079, 11
20.0094, 11
20.0116, 12
20.0138, 12
20.0161, 13
20.0181, 13
20.0207, 13
20.0219, 13
20.0245, 14
20.0263, 14
20.0285, 14
20.0311, 14
20.0335, 14
20.0356, 14
20.0383, 15
20.0400, 16
20.0419, 16
20.0440, 17
20.0458, 18
20.0481, 19
20.0502, 13
20.0523, 13
20.0544, 13
20.0565, 12
20.0583, 13
20.0607, 14
20.0627, 15
20.0647, 15
20.0666, 15
20.0698, 16
20.0711, 16
20.0731, 16
20.0743, 16
20.0764, 16
20.0783, 16
20.0804, 9
20.0824, 9
20.0845, 8
20.0865, 8
20.0886, 8
20.0907, 8
20.0927, 7
20.0947, 7
20.0968, 7
20.0988, 8
20.1004, 9
20.1024, 10
20.1044, 10
20.1065, 10
20.1085, 10
20.1106, 10
20.1127, 10
20.1147, 10
20.1175, 11
20.1195, 10
20.1214, 10
20.1233, 10
20.1254, 10
20.1273, 10
20.1290, 10
20.1312, 10
20.1330, 10
20.1350, 11
20.1369, 11
20.1387, 10
20.1410, 10
20.1428, 2
20.1447, 3
20.1465, 2
20.1481, 3
20.1499, 0
20.1519, 0
20.1540, 1
20.1565, 2
20.1581, 3
20.1603, 4
20.1619, 5
20.1641, 6
20.1661, 7
20.1682, 8
20.1702, 9
20.1722, 0
20.1745, 1
20.1766, 2
20.1786, 3
20.1814, 4
20.1830, 5
20.1857, 6
20.1884, 7
20.1904, 8
20.1927, 8
20.1948, 0
20.1970, 0
20.1992, 0
20.2008, 0
20.2034, 0
20.2060, 0
20.2079, 0
20.2096, 0
20.2122, 0
20.2140, 0
20.2167, 0
20.2188, 0
20.2231, 0
20.2240, 0
20.2250, 0
20.2259, 0
20.2269, 0
20.2278, 0
20.2287, 0
20.2296, 0
20.2325, 0
20.2335, 0
20.2362, 0
20.2390, 0
20.2402, 1
20.2432, 1
20.2442, 2
20.2463, 2
20.2495, 3
20.2504, 3
20.2534, 3
20.2564, 4
20.2573, 4
20.2610, 5
20.2636, 5
20.2646, 6
20.2671, 6
20.2694, 7
20.2721, 7
20.2745, 8
20.2769, 9
20.2795, 9
20.2819, 9
20.2842, 9
20.2866, 10
20.2890, 11
20.2914, 8
20.2938, 9
20.2962, 10
20.2987, 11
20.3010, 12
20.3037, 12
20.3060, 13
20.3084, 13
20.3103, 14
20.3127, 14
20.3150, 15
20.3178, 16
20.3201, 16
20.3227, 17
20.3251, 17
20.3274, 18
20.3291, 18
20.3316, 19
20.3339, 19
20.3362, 20
20.3388, 21
20.3411, 21
20.3438, 22
20.3464, 23
20.3487, 23
20.3512, 24
20.3535, 24
20.3614, 25
20.3634, 25
20.3663, 26
20.3686, 27
20.3695, 27
20.3700, 26
20.3705, 27
20.3711, 27
20.3725, 27
20.3737, 28
20.3750, 28
20.3761, 29
20.3773, 29
20.3785, 29
20.3794, 30
20.3809, 30
20.3821, 30
20.3829, 31
20.3835, 31
20.3861, 31
20.3886, 32
20.3922, 32
20.3934, 32
20.3960, 33
20.3990, 33
20.4019, 34
20.4031, 34
20.4073, 34
20.4097, 35
20.4149, 35
20.4161, 35
20.4193, 36
20.4215, 36
20.4245, 37
20.4271, 37
20.4314, 37
20.4336, 38
20.4354, 38
20.4368, 38
20.4398, 39
20.4411, 39
20.4427, 40
20.4448, 40
20.4473, 40
20.4489, 40
20.4507, 40
20.4527, 40
20.4545, 39
20.4572, 39
20.4600, 39
20.4617, 39
20.4630, 38
20.4647, 37
20.4666, 36
20.4684, 35
20.4700, 33
20.4726, 33
20.4744, 33
20.4774, 32
20.4789, 32
20.4806, 30
20.4831, 30
20.4848, 30
20.4871, 29
20.4887, 29
20.4916, 28
20.4944, 27
20.4962, 27
20.4984, 26
20.5013, 25
20.5031, 25
20.5048, 25
20.5075, 24
20.5098, 24
20.5123, 23
20.5160, 22
20.5194, 22
20.5227, 21
20.5256, 20
20.5290, 20
20.5322, 19
20.5357, 19
20.5387, 18
20.5415, 18
20.5443, 18
20.5478, 19
20.5513, 20
20.5544, 21
20.5579, 22
20.5612, 23
20.5647, 23
20.5682, 24
20.5713, 24
20.5750, 25
20.5784, 25
20.5816, 25
20.5852, 22
20.5882, 21
20.5918, 21
20.5952, 21
20.5985, 21
20.6029, 21
20.6072, 21
20.6116, 21
20.6156, 20
20.6199, 17
20.6223, 17
20.6244, 15
20.6274, 15
20.6300, 14
20.6326, 12
20.6341, 12
20.6366, 10
20.6395, 9
20.6410, 8
20.6425, 7
20.6456, 6
20.6476, 5
20.6490, 4
20.6509, 3
20.6528, 2
20.6549, 1
20.6560, 0
20.6581, 0
20.6601, 0
20.6621, 0
20.6633, 0
20.6653, 0
20.6674, 0
20.6692, 0
20.6723, 0
20.6745, 0
20.6767, 0
20.6790, 0
20.6812, 0
20.6826, 0
20.6849, 0
20.6863, 0
20.6878, 0
20.6895, 0
20.6910, 0
20.6920, 0
20.6959, 0
20.6987, 0
20.7017, 0
20.7035, 0
20.7063, 0
20.7093, 0
20.7126, 0
20.7158, 0
20.7192, 0
20.7227, 0
20.7254, 0
20.7285, 0
20.7311, 0
20.7354, 1
20.7384, 1
20.7405, 2
20.7427, 2
20.7463, 2
20.7495, 2
20.7514, 3
20.7538, 3
20.7562, 3
20.7587, 3
20.7611, 3
20.7633, 3
20.7649, 2
20.7663, 3
20.7681, 0
20.7695, 1
20.7710, 2
20.7724, 2
20.7739, 0
20.7747, 0
20.7759, 1
20.7780, 1
20.7809, 2
20.7823, 2
20.7843, 0
20.7867, 0
20.7883, 1
20.8038, 2
20.8140, 2
20.8184, 3
20.8289, 3
20.8360, 4
20.8368, 4
20.8374, 4
20.8443, 5
20.8565, 6
20.8688, 5
20.8695, 6
20.8713, 5
20.8720, 6
20.8734, 7
20.8753, 7
20.8759, 8
20.8806, 8
20.8813, 8
20.8827, 6
20.8834, 7
20.8842, 5
20.8848, 5
20.8855, 6
20.8862, 6
20.8884, 5
20.8975, 6
20.9163, 6
20.9177, 6
20.9184, 7
20.9194, 7
20.9219, 8
20.9226, 8
20.9257, 8
20.9264, 9
20.9290, 9
20.9297, 10
20.9304, 9
20.9311, 8
20.9338, 9
20.9345, 8
20.9358, 9
20.9364, 10
20.9387, 11
20.9394, 12
20.9402, 12
20.9410, 12
20.9430, 13
20.9448, 14
20.9458, 14
20.9465, 15
20.9473, 16
20.9483, 14
20.9501, 13
20.9518, 13
20.9530, 14
20.9545, 15
20.9558, 15
20.9575, 16
20.9591, 17
20.9605, 15
20.9622, 15
20.9638, 15
20.9652, 13
20.9669, 14
20.9685, 15
20.9702, 16
20.9718, 16
20.9735, 17
20.9748, 18
20.9767, 6
20.9781, 5
20.9800, 5
20.9813, 2
20.9831, 0
20.9849, 0
20.9858, 0
20.9874, 0
20.9890, 0
20.9905, 0
20.9921, 0
20.9936, 0
20.9955, 0
20.9972, 1
20.9985, 1
21.0005, 1
21.0023, 0
21.0040, 0
21.0051, 0
21.0074, 0
21.0095, 0
21.0114, 0
21.0129, 0
21.0145, 0
21.0163, 0
21.0178, 0
21.0193, 1
21.0207, 1
21.0227, 1
21.0246, 2
21.0260, 2
21.0275, 2
21.0293, 2
21.0309, 3
21.0322, 3
21.0333, 3
21.0346, 2
21.0364, 2
21.0380, 1
21.0388, 0
21.0406, 0
21.0424, 0
21.0441, 0
21.0460, 0
21.0468, 0
21.0475, 0
21.0512, 0
21.0521, 0
21.0528, 0
21.0535, 0
21.0554, 0
21.0562, 0
21.0575, 0
21.0603, 0
21.0613, 0
21.0635, 0
21.0645, 0
21.0708, 0
21.0719, 0
21.0727, 0
21.0736, 0
21.0746, 0
21.0754, 0
21.0792, 0
21.0800, 0
21.0807, 0
21.0814, 1
21.0820, 1
21.0860, 1
21.0868, 0
21.0885, 1
21.0897, 1
21.0908, 1
21.0915, 1
21.0928, 1
21.0934, 1
21.0948, 1
21.0955, 1
21.0971, 1
21.0986, 2
21.0993, 1
21.1006, 0
21.1028, 0
21.1040, 0
21.1059, 0
21.1073, 0
21.1095, 0
21.1116, 0
21.1141, 0
21.1188, 0
21.1202, 0
21.1239, 0
21.1267, 0
21.1282, 0
21.1323, 0
21.1335, 0
21.1355, 0
21.1379, 0
21.1399, 0
21.1422, 1
21.1448, 1
21.1472, 2
21.1493, 2
21.1510, 2
21.1536, 2
21.1567, 2
21.1596, 3
21.1625, 3
21.1650, 3
21.1667, 4
21.1696, 4
21.1731, 4
21.1753, 5
21.1776, 5
21.1789, 5
21.1811, 5
21.1837, 5
21.1879, 6
21.1903, 6
21.1917, 6
21.1944, 6
21.1964, 6
21.1981, 7
21.1998, 7
21.2022, 7
21.2050, 7
21.2073, 7
21.2096, 8
21.2122, 8
21.2144, 8
21.2160, 8
21.2187, 8
21.2226, 8
21.2252, 9
21.2284, 9
21.2311, 10
21.2350, 5
21.2382, 4
21.2412, 3
21.2429, 3
21.2450, 3
21.2473, 3
21.2495, 3
21.2518, 3
21.2543, 3
21.2565, 3
21.2590, 3
21.2609, 3
21.2645, 3
21.2658, 3
21.2681, 3
21.2702, 3
21.2722, 3
21.2755, 3
21.2776, 4
21.2791, 4
21.2801, 4
21.2810, 5
21.2820, 5
21.2831, 6
21.2841, 6
21.2851, 6
21.2860, 6
21.2871, 7
21.2879, 7
21.2889, 7
21.2898, 7
21.2908, 8
21.2917, 8
21.2928, 8
21.2939, 9
21.2954, 9
21.2972, 9
21.2991, 9
21.3006, 9
21.3033, 10
21.3044, 11
21.3063, 11
21.3095, 11
21.3120, 12
21.3144, 12
21.3167, 12
21.3192, 12
21.3206, 11
21.3240, 9
21.3284, 7
21.3303, 5
21.3325, 3
21.3344, 2
21.3358, 0
21.3363, 0
21.3367, 0
21.3415, 0
21.3453, 0
21.3479, 0
21.3505, 0
21.3527, 0
21.3549, 0
21.3570, 0
21.3592, 0
21.3614, 0
21.3636, 0
21.3664, 0
21.3688, 0
21.3710, 0
21.3732, 0
21.3754, 0
21.3781, 0
21.3803, 0
21.3826, 0
21.3851, 0
21.3875, 0
21.3898, 0
21.3925, 0
21.3948, 0
21.3977, 0
21.3999, 0
21.4013, 0
21.4035, 0
21.4059, 0
21.4086, 0
21.4109, 0
21.4136, 0
21.4163, 0
21.4185, 0
21.4204, 0
21.4233, 0
21.4257, 0
21.4282, 0
21.4307, 0
21.4332, 0
21.4356, 0
21.4378, 0
21.4405, 0
21.4431, 0
21.4454, 0
21.4477, 0
21.4499, 0
21.4523, 0
21.4540, 0
21.4578, 0
21.4612, 0
21.4638, 0
21.4663, 0
21.4693, 0
21.4719, 0
21.4742, 0
21.4767, 0
21.4796, 0
21.4818, 0
21.4840, 0
21.4862, 0
21.4887, 0
21.4912, 0
21.4933, 0
21.4956, 0
21.4979, 0
21.5002, 0
21.5025, 1
21.5049, 2
21.5072, 3
21.5097, 1
21.5124, 1
21.5146, 0
21.5170, 0
21.5199, 0
21.5226, 0
21.5250, 0
21.5270, 0
21.5287, 0
21.5307, 0
21.5335, 0
21.5359, 0
21.5384, 0
21.5408, 0
21.5426, 0
21.5451, 0
21.5478, 0
21.5503, 0
21.5525, 0
21.5546, 0
21.5580, 0
21.5600, 0
21.5614, 0
21.5624, 0
21.5641, 0
21.5665, 0
21.5698, 0
21.5722, 0
21.5747, 0
21.5761, 0
21.5792, 0
21.5824, 0
21.5848, 0
21.5862, 0
21.5904, 0
21.5922, 0
21.5936, 0
21.5959, 0
21.5975, 0
21.5992, 0
21.6004, 0
21.6015, 0
21.6026, 0
21.6032, 0
21.6036, 0
21.6077, 0
21.6091, 0
21.6134, 0
21.6184, 0
21.6223, 0
21.6238, 0
21.6275, 0
21.6307, 0
21.6360, 0
21.6389, 0
21.6426, 0
21.6460, 0
21.6488, 0
21.6518, 0
21.6547, 0
21.6579, 0
21.6607, 0
21.6640, 0
21.6677, 0
21.6698, 0
21.6750, 0
21.6767, 0
21.6780, 0
21.6797, 0
21.6814, 0
21.6837, 0
21.6862, 0
21.6890, 0
21.6931, 0
21.6967, 0
21.7003, 0
21.7045, 0
21.7083, 0
21.7118, 0
21.7158, 0
21.7194, 0
21.7229, 0
21.7271, 0
21.7307, 0
21.7348, 0
21.7361, 0
21.7420, 0
21.7457, 0
21.7470, 0
21.7501, 0
21.7526, 0
21.7557, 0
21.7580, 0
21.7610, 0
21.7654, 0
21.7693, 0
21.7744, 0
21.7771, 0
21.7804, 0
21.7838, 0
21.7876, 0
21.7911, 0
21.7949, 0
21.7994, 0
21.8008, 0
21.8028, 0
21.8049, 0
21.8070, 0
21.8091, 0
21.8110, 0
21.8133, 0
21.8154, 0
21.8174, 0
21.8194, 0
21.8215, 0
21.8237, 0
21.8274, 0
21.8303, 0
21.8336, 0
21.8361, 0
21.8391, 0
21.8420, 0
21.8450, 0
21.8475, 0
21.8505, 0
21.8534, 0
21.8563, 0
21.8588, 0
21.8601, 0
21.8620, 0
21.8633, 0
21.8651, 1
21.8662, 2
21.8677, 2
21.8706, 3
21.8716, 4
21.8723, 4
21.8782, 4
21.8792, 4
21.8826, 4
21.8857, 4
21.8871, 4
21.8891, 4
21.8912, 5
21.8946, 5
21.8966, 6
21.8992, 5
21.9002, 6
21.9021, 6
21.9050, 6
21.9067, 6
21.9088, 6
21.9117, 6
21.9136, 6
21.9165, 6
21.9185, 7
21.9211, 7
21.9240, 7
21.9250, 8
21.9269, 8
21.9292, 8
21.9315, 8
21.9339, 8
21.9358, 8
21.9374, 9
21.9387, 8
21.9403, 8
21.9427, 9
21.9443, 7
21.9467, 8
21.9492, 9
21.9531, 10
21.9538, 11
21.9565, 10
21.9597, 11
21.9603, 10
21.9629, 10
21.9654, 10
21.9674, 11
21.9717, 10
21.9885, 10
21.9907, 11
21.9986, 11
21.9996, 10
22.0005, 10
22.0040, 10
22.0050, 10
22.0060, 11
22.0070, 11
22.0079, 12
22.0092, 12
22.0104, 12
22.0117, 12
22.0129, 11
22.0143, 11
22.0154, 12
22.0249, 12
22.0275, 13
22.0300, 13
22.0328, 12
22.0359, 12
22.0374, 13
22.0389, 13
22.0407, 14
22.0425, 14
22.0479, 13
22.0529, 14
22.0541, 14
22.0559, 14
22.0582, 14
22.0595, 14
22.0635, 14
22.0647, 14
22.0691, 14
22.0736, 14
22.0769, 15
22.0779, 14
22.0788, 15
22.0797, 15
22.0809, 15
22.0818, 16
22.0827, 15
22.0838, 15
22.0849, 15
22.0861, 16
22.0874, 16
22.0886, 16
22.0898, 16
22.0910, 16
22.0922, 17
22.0935, 16
22.0947, 17
22.0959, 17
22.0971, 17
22.0984, 17
22.0996, 17
22.1008, 15
22.1021, 14
22.1032, 13
22.1044, 11
22.1058, 10
22.1069, 9
22.1081, 9
22.1093, 8
22.1105, 7
22.1118, 6
22.1130, 6
22.1142, 4
22.1154, 3
22.1168, 2
22.1181, 2
22.1206, 0
22.1222, 0
22.1235, 0
22.1248, 0
22.1257, 0
22.1272, 0
22.1284, 0
22.1293, 0
22.1303, 0
22.1309, 0
22.1318, 0
22.1332, 0
22.1345, 0
22.1357, 0
22.1369, 0
22.1378, 0
22.1390, 0
22.1401, 0
22.1429, 0
22.1441, 0
22.1464, 0
22.1483, 0
22.1496, 0
22.1518, 0
22.1531, 0
22.1546, 0
22.1561, 0
22.1581, 0
22.1600, 0
22.1617, 0
22.1633, 1
22.1655, 0
22.1673, 0
22.1695, 1
22.1714, 0
22.1726, 1
22.1753, 0
22.1769, 0
22.1781, 0
22.1798, 0
22.1821, 0
22.1833, 0
22.1854, 0
22.1871, 0
22.1886, 0
22.1906, 0
22.1932, 0
22.1951, 0
22.1965, 0
22.1983, 0
22.1995, 0
22.2030, 0
22.2056, 0
22.2080, 0
22.2115, 0
22.2143, 0
22.2173, 0
22.2196, 0
22.2219, 0
22.2245, 0
22.2270, 0
22.2299, 0
22.2324, 0
22.2349, 0
22.2375, 0
22.2400, 0
22.2427, 0
22.2452, 0
22.2476, 0
22.2502, 0
22.2526, 0
22.2553, 0
22.2575, 0
22.2589, 0
22.2607, 0
22.2624, 0
22.2651, 0
22.2659, 0
22.2667, 0
22.2677, 0
22.2687, 0
22.2699, 0
22.2710, 0
22.2729, 0
22.2746, 0
22.2758, 0
22.2781, 0
22.2794, 0
22.2813, 0
22.2866, 0
22.2891, 0
22.2915, 0
22.2939, 0
22.2962, 0
22.2985, 0
22.3012, 0
22.3025, 0
22.3053, 0
22.3068, 0
22.3082, 0
22.3095, 0
22.3112, 0
22.3125, 0
22.3145, 0
22.3158, 0
22.3170, 0
22.3182, 0
22.3196, 0
22.3210, 0
22.3226, 0
22.3243, 0
22.3256, 0
22.3275, 0
22.3295, 0
22.3315, 0
22.3329, 0
22.3342, 0
22.3356, 0
22.3366, 0
22.3379, 0
22.3391, 0
22.3406, 0
22.3422, 0
22.3438, 0
22.3461, 0
22.3471, 0
22.3497, 0
22.3510, 0
22.3527, 0
22.3546, 0
22.3564, 0
22.3582, 0
22.3605, 0
22.3621, 0
22.3646, 0
22.3665, 0
22.3684, 1
22.3705, 2
22.3724, 3
22.3744, 2
22.3765, 1
22.3785, 0
22.3803, 0
22.3829, 0
22.3840, 0
22.3865, 0
22.4010, 0
22.4018, 0
22.4038, 0
22.4066, 0
22.4084, 0
22.4104, 0
22.4123, 0
22.4135, 0
22.4155, 0
22.4172, 0
22.4190, 1
22.4200, 2
22.4209, 2
22.4218, 3
22.4226, 4
22.4236, 5
22.4266, 5
22.4291, 5
22.4313, 4
22.4330, 3
22.4350, 3
22.4388, 3
22.4403, 3
22.4421, 2
22.4438, 2
22.4456, 2
22.4473, 2
22.4501, 2
22.4527, 2
22.4548, 1
22.4569, 0
22.4592, 0
22.4617, 0
22.4633, 0
22.4653, 0
22.4676, 0
22.4696, 0
22.4716, 0
22.4735, 0
22.4752, 0
22.4777, 0
22.4795, 0
22.4813, 0
22.4827, 0
22.4845, 0
22.4862, 0
22.4879, 0
22.4893, 0
22.4910, 0
22.4922, 0
22.4941, 0
22.4958, 0
22.4978, 0
22.4995, 0
22.5012, 0
22.5025, 0
22.5044, 0
22.5064, 0
22.5082, 0
22.5097, 0
22.5114, 0
22.5133, 0
22.5152, 0
22.5169, 0
22.5186, 0
22.5200, 0
22.5214, 0
22.5231, 0
22.5252, 0
22.5269, 0
22.5282, 0
22.5308, 0
22.5320, 0
22.5332, 0
22.5350, 1
22.5370, 1
22.5387, 1
22.5415, 0
22.5431, 0
22.5447, 0
22.5463, 0
22.5480, 0
22.5501, 0
22.5519, 0
22.5546, 1
22.5571, 0
22.5597, 0
22.5622, 1
22.5645, 2
22.5673, 2
22.5698, 2
22.5721, 2
22.5746, 2
22.5771, 2
22.5781, 2
22.5790, 2
22.5799, 3
22.5814, 3
22.5824, 3
22.5835, 4
22.5851, 3
22.5871, 3
22.5891, 4
22.5911, 3
22.5934, 3
22.5951, 3
22.5968, 4
22.5989, 3
22.6001, 4
22.6017, 4
22.6037, 4
22.6055, 5
22.6073, 5
22.6091, 6
22.6109, 7
22.6129, 8
22.6148, 9
22.6168, 9
22.6190, 10
22.6210, 11
22.6230, 12
22.6250, 13
22.6271, 13
22.6290, 14
22.6307, 15
22.6326, 16
22.6344, 17
22.6374, 18
22.6382, 18
22.6421, 19
22.6429, 19
22.6462, 20
22.6473, 21
22.6493, 21
22.6510, 22
22.6529, 23
22.6548, 23
22.6566, 24
22.6584, 25
22.6599, 26
22.6639, 27
22.6647, 27
22.6686, 28
22.6694, 29
22.6733, 30
22.6738, 30
22.6761, 31
22.6778, 32
22.6806, 33
22.6824, 33
22.6879, 34
22.6888, 35
22.6897, 36
22.6939, 36
22.6966, 37
22.7028, 38
22.7047, 38
22.7072, 39
22.7105, 40
22.7123, 40
22.7143, 41
22.7156, 42
22.7164, 43
22.7173, 43
22.7182, 41
22.7199, 42
22.7233, 43
22.7255, 43
22.7277, 43
22.7298, 43
22.7319, 43
22.7342, 44
22.7367, 44
22.7383, 44
22.7411, 45
22.7432, 44
22.7453, 45
22.7475, 45
22.7498, 46
22.7514, 46
22.7535, 46
22.7570, 48
22.7585, 48
22.7606, 48
22.7628, 49
22.7650, 49
22.7672, 49
22.7697, 50
22.7726, 50
22.7767, 50
22.7785, 51
22.7821, 51
22.7844, 51
22.7889, 52
22.7906, 52
22.7948, 53
22.7958, 53
22.8002, 51
22.8035, 50
22.8068, 50
22.8101, 49
22.8125, 48
22.8152, 48
22.8168, 47
22.8184, 46
22.8206, 45
22.8215, 45
22.8234, 45
22.8255, 44
22.8276, 43
22.8297, 42
22.8319, 42
22.8340, 41
22.8355, 41
22.8374, 40
22.8394, 40
22.8415, 38
22.8435, 37
22.8458, 35
22.8476, 33
22.8497, 33
22.8529, 34
22.8547, 34
22.8565, 34
22.8583, 35
22.8617, 35
22.8627, 36
22.8650, 36
22.8672, 37
22.8695, 37
22.8723, 37
22.8740, 38
22.8771, 38
22.8791, 39
22.8829, 40
22.8837, 40
22.8857, 41
22.8877, 42
22.8901, 41
22.8923, 38
22.8944, 39
22.8966, 39
22.8986, 39
22.9008, 39
22.9030, 40
22.9054, 40
22.9077, 41
22.9098, 42
22.9120, 42
22.9144, 43
22.9174, 44
22.9196, 44
22.9215, 45
22.9236, 45
22.9258, 46
22.9281, 47
22.9302, 47
22.9323, 48
22.9344, 48
22.9366, 48
22.9387, 49
22.9411, 50
22.9437, 50
22.9459, 49
22.9481, 49
22.9504, 48
22.9525, 45
22.9547, 44
22.9573, 44
22.9597, 43
22.9622, 42
22.9643, 40
22.9665, 41
22.9690, 42
22.9715, 43
22.9739, 44
22.9760, 42
22.9782, 43
22.9808, 43
22.9829, 42
22.9850, 41
22.9873, 41
22.9894, 40
22.9916, 39
22.9942, 39
22.9967, 38
22.9991, 38
23.0013, 37
23.0039, 37
23.0060, 36
23.0087, 36
23.0110, 35
23.0136, 35
23.0158, 35
23.0184, 35
23.0209, 35
23.0234, 34
23.0259, 33
23.0281, 33
23.0303, 31
23.0325, 30
23.0348, 29
23.0371, 29
23.0393, 28
23.0414, 27
23.0435, 26
23.0457, 25
23.0481, 24
23.0502, 23
23.0526, 22
23.0549, 19
23.0564, 17
23.0588, 14
23.0614, 9
23.0636, 6
23.0659, 5
23.0685, 4
23.0706, 2
23.0724, 1
23.0744, 0
23.0762, 0
23.0788, 0
23.0812, 0
23.0831, 0
23.0851, 0
23.0887, 0
23.0896, 0
23.0944, 0
23.0992, 0
23.1006, 0
23.1038, 0
23.1053, 0
23.1086, 0
23.1106, 0
23.1130, 0
23.1142, 0
23.1164, 0
23.1191, 0
23.1234, 0
23.1258, 0
23.1287, 0
23.1310, 0
23.1332, 0
23.1356, 0
23.1380, 0
23.1416, 0
23.1440, 0
23.1468, 0
23.1494, 0
23.1519, 0
23.1555, 0
23.1578, 0
23.1598, 0
23.1629, 0
23.1651, 0
23.1676, 0
23.1703, 0
23.1727, 0
23.1757, 0
23.1781, 0
23.1803, 0
23.1825, 0
23.1850, 0
23.1884, 0
23.1904, 0
23.1926, 0
23.1948, 0
23.1973, 0
23.1996, 0
23.2023, 0
23.2054, 0
23.2077, 0
23.2101, 0
23.2121, 0
23.2141, 0
23.2163, 0
23.2184, 0
23.2205, 0
23.2231, 0
23.2243, 0
23.2260, 0
23.2285, 0
23.2294, 0
23.2300, 0
23.2305, 0
23.2313, 0
23.2324, 0
23.2334, 0
23.2346, 0
23.2357, 0
23.2367, 0
23.2380, 0
23.2391, 0
23.2403, 0
23.2422, 0
23.2443, 0
23.2450, 0
23.2473, 0
23.2482, 0
23.2504, 0
23.2517, 0
23.2529, 0
23.2546, 0
23.2562, 0
23.2578, 0
23.2589, 0
23.2615, 0
23.2625, 0
23.2655, 0
23.2669, 0
23.2691, 0
23.2711, 0
23.2733, 0
23.2753, 0
23.2773, 0
23.2797, 0
23.2816, 0
23.2838, 0
23.2854, 0
23.2877, 0
23.2895, 0
23.2916, 0
23.2937, 0
23.2959, 0
23.2979, 0
23.2996, 0
23.3023, 0
23.3038, 0
23.3052, 0
23.3085, 0
23.3095, 0
23.3110, 0
23.3135, 0
23.3156, 0
23.3181, 0
23.3191, 0
23.3217, 0
23.3226, 0
23.3297, 0
23.3307, 0
23.3316, 0
23.3332, 0
23.3349, 0
23.3360, 0
23.3398, 0
23.3427, 0
23.3437, 0
23.3455, 0
23.3480, 0
23.3499, 0
23.3511, 0
23.3535, 0
23.3584, 0
23.3593, 0
23.3617, 0
23.3628, 0
23.3655, 0
23.3676, 0
23.3698, 0
23.3731, 0
23.3767, 0
23.3776, 0
23.3796, 0
23.3928, 0
23.3942, 0
23.3952, 0
23.3963, 0
23.3972, 0
23.3985, 0
23.3997, 0
23.4007, 0
23.4018, 0
23.4039, 0
23.4054, 0
23.4232, 0
23.4242, 0
23.4278, 0
23.4288, 0
23.4297, 0
23.4307, 0
23.4318, 0
23.4332, 0
23.4360, 0
23.4389, 0
23.4400, 0
23.4414, 0
23.4426, 0
23.4445, 0
23.4464, 0
23.4481, 0
23.4495, 0
23.4512, 0
23.4529, 0
23.4543, 0
23.4560, 0
23.4576, 0
23.4592, 0
23.4608, 0
23.4617, 0
23.4627, 0
23.4724, 0
23.4738, 1
23.4745, 1
23.4758, 2
23.4852, 2
23.4864, 2
23.4872, 3
23.4895, 3
23.4920, 3
23.4931, 3
23.4937, 2
23.4956, 2
23.4967, 1
23.4982, 1
23.4991, 1
23.5004, 1
23.5024, 1
23.5048, 0
23.5072, 1
23.5098, 2
23.5116, 2
23.5128, 3
23.5142, 3
23.5160, 3
23.5172, 2
23.5186, 3
23.5216, 3
23.5230, 3
23.5247, 3
23.5259, 3
23.5295, 3
23.5332, 4
23.5341, 4
23.5357, 0
23.5368, 1
23.5414, 2
23.5427, 3
23.5486, 4
23.5500, 5
23.5522, 0
23.5530, 1
23.5552, 2
23.5565, 3
23.5584, 2
23.5606, 0
23.5648, 0
23.5660, 0
23.5670, 0
23.5732, 0
23.5757, 0
23.5801, 0
23.5851, 0
23.5870, 0
23.5898, 0
23.6044, 0
23.6060, 0
23.6089, 0
23.6114, 0
23.6132, 0
23.6159, 1
23.6176, 1
23.6210, 1
23.6226, 1
23.6273, 0
23.6281, 0
23.6299, 0
23.6451, 0
23.6458, 0
23.6482, 0
23.6625, 0
23.6687, 0
23.6720, 0
23.6732, 0
23.6742, 0
23.6757, 0
23.6839, 0
23.6855, 0
23.6883, 0
23.6917, 0
23.6926, 0
23.6958, 0
23.6982, 0
23.6993, 0
23.7025, 0
23.7034, 0
23.7048, 0
23.7058, 0
23.7067, 0
23.7076, 0
23.7085, 0
23.7094, 0
23.7104, 0
23.7113, 0
23.7121, 0
23.7131, 0
23.7141, 0
23.7150, 0
23.7159, 0
23.7169, 0
23.7178, 0
23.7187, 0
23.7201, 0
23.7214, 0
23.7233, 0
23.7242, 0
23.7250, 0
23.7256, 0
23.7261, 0
23.7265, 0
23.7275, 0
23.7290, 0
23.7314, 0
23.7332, 0
23.7346, 0
23.7374, 0
23.7383, 0
23.7392, 0
23.7403, 0
23.7416, 0
23.7430, 0
23.7448, 0
23.7466, 0
23.7491, 0
23.7511, 0
23.7521, 0
23.7530, 0
23.7541, 0
23.7569, 0
23.7580, 0
23.7592, 0
23.7601, 0
23.7613, 0
23.7638, 0
23.7647, 0
23.7659, 0
23.7666, 1
23.7682, 0
23.7857, 0
23.7869, 0
23.7883, 0
23.7901, 0
23.7917, 0
23.7926, 0
23.7947, 0
23.7975, 0
23.7996, 0
23.8013, 0
23.8027, 0
23.8043, 0
23.8067, 0
23.8076, 0
23.8144, 0
23.8157, 0
23.8171, 0
23.8188, 0
23.8217, 0
23.8236, 0
23.8240, 0
23.8245, 0
23.8278, 0
23.8282, 0
23.8286, 0
23.8304, 0
23.8313, 0
23.8368, 0
23.8402, 0
23.8411, 0
23.8420, 0
23.8429, 0
23.8438, 0
23.8447, 0
23.8456, 0
23.8465, 0
23.8475, 0
23.8484, 0
23.8497, 0
23.8507, 0
23.8518, 0
23.8527, 0
23.8536, 0
23.8546, 0
23.8556, 0
23.8566, 0
23.8575, 0
23.8585, 0
23.8595, 0
23.8605, 0
23.8615, 0
23.8624, 0
23.8634, 0
23.8643, 0
23.8652, 0
23.8660, 0
23.8669, 0
23.8678, 0
23.8692, 0
23.8709, 0
23.8722, 0
23.8738, 0
23.8753, 0
23.8765, 0
23.8784, 0
23.8795, 0
23.8810, 0
23.8827, 0
23.8840, 0
23.8854, 0
23.8866, 0
23.8881, 0
23.8898, 0
23.8910, 0
23.8925, 0
23.8939, 0
23.8952, 0
23.8968, 0
23.8979, 0
23.8993, 0
23.9005, 0
23.9020, 0
23.9033, 0
23.9047, 0
23.9060, 0
23.9070, 0
23.9088, 0
23.9110, 0
23.9125, 0
23.9146, 0
23.9163, 0
23.9202, 0
23.9216, 0
23.9228, 0
23.9258, 0
23.9277, 0
23.9301, 0
23.9312, 0
23.9342, 0
23.9361, 0
23.9393, 0
23.9419, 0
23.9439, 0
23.9457, 0
23.9492, 0
23.9506, 0
23.9532, 0
23.9557, 0
23.9582, 0
23.9600, 0
23.9615, 0
23.9626, 0
23.9637, 0
23.9645, 0
23.9681, 0
23.9706, 0
23.9715, 0
23.9742, 0
23.9770, 0
23.9843, 0
23.9851, 0
23.9981, 0
23.9997, 0
24.0010, 0
24.0028, 0
24.0044, 0
24.0060, 0
24.0076, 0
24.0130, 0
24.0150, 0
24.0174, 0
24.0183, 0
24.0195, 0
24.0225, 0
24.0244, 0
24.0258, 0
24.0267, 0
24.0276, 0
24.0284, 0
24.0292, 0
24.0301, 0
24.0310, 0
24.0319, 0
24.0328, 0
24.0337, 0
24.0346, 0
24.0355, 0
24.0365, 0
24.0410, 0
24.0449, 0
24.0470, 0
24.0488, 0
24.0507, 0
24.0526, 0
24.0536, 0
24.0554, 0
24.0565, 0
24.0580, 0
24.0594, 0
24.0605, 0
24.0628, 0
24.0644, 0
24.0663, 0
24.0683, 0
24.0703, 0
24.0725, 0
24.0746, 0
24.0782, 0
24.0801, 0
24.0820, 0
24.0840, 0
24.0860, 0
24.0880, 0
24.0900, 0
24.0921, 0
24.0941, 0
24.0961, 0
24.0981, 0
24.1003, 0
24.1024, 0
24.1047, 0
24.1071, 0
24.1093, 0
24.1113, 0
24.1133, 0
24.1153, 0
24.1167, 0
24.1184, 0
24.1198, 0
24.1214, 0
24.1231, 0
24.1256, 0
24.1270, 0
24.1285, 1
24.1307, 0
24.1338, 0
24.1352, 0
24.1368, 0
24.1399, 0
24.1419, 0
24.1452, 0
24.1466, 0
24.1483, 0
24.1514, 0
24.1527, 0
24.1555, 0
24.1570, 0
24.1585, 0
24.1615, 0
24.1645, 0
24.1690, 0
24.1732, 0
24.1752, 0
24.1800, 0
24.1807, 0
24.1814, 0
24.1833, 0
24.1842, 0
24.1852, 0
24.1866, 0
24.1875, 0
24.1894, 0
24.1903, 0
24.1928, 0
24.2017, 0
24.2049, 0
24.2080, 0
24.2089, 0
24.2099, 0
24.2204, 0
24.2256, 0
24.2279, 0
24.2307, 0
24.2336, 0
24.2363, 0
24.2382, 0
24.2410, 0
24.2421, 0
24.2432, 0
24.2440, 0
24.2458, 0
24.2503, 0
24.2530, 0
24.2543, 0
24.2569, 0
24.2578, 0
24.2593, 0
24.2602, 0
24.2612, 0
24.2640, 0
24.2648, 0
24.2666, 0
24.2684, 0
24.2781, 0
24.2821, 0
24.2834, 0
24.2844, 0
24.2868, 0
24.2881, 0
24.2890, 0
24.2907, 0
24.2935, 0
24.3175, 0
24.3197, 0
24.3206, 0
24.3228, 0
24.3261, 0
24.3280, 0
24.3296, 0
24.3310, 0
24.3340, 0
24.3352, 0
24.3413, 0
24.3429, 0
24.3489, 0
24.3529, 0
24.3596, 0
24.3603, 0
24.3610, 0
24.3617, 0
24.3623, 0
24.3630, 0
24.3637, 0
24.3643, 0
24.3650, 0
24.3657, 0
24.3664, 0
24.3671, 0
24.3678, 1
24.3684, 1
24.3691, 0
24.3698, 0
24.3704, 0
24.3712, 0
24.3719, 0
24.3784, 0
24.3813, 0
24.3822, 0
24.3840, 0
24.3851, 0
24.3860, 0
24.3870, 0
24.3879, 0
24.3888, 0
24.3897, 0
24.3906, 0
24.3915, 0
24.3929, 0
24.3948, 0
24.4015, 1
24.4024, 1
24.4041, 1
24.4060, 1
24.4084, 1
24.4094, 0
24.4107, 0
24.4122, 0
24.4138, 0
24.4156, 0
24.4179, 0
24.4186, 0
24.4193, 0
24.4200, 0
24.4206, 0
24.4213, 0
24.4222, 0
24.4374, 0
24.4395, 0
24.4414, 0
24.4440, 0
24.4481, 0
24.4500, 0
24.4520, 0
24.4593, 0
24.4615, 0
24.4642, 0
24.4657, 0
24.4675, 0
24.4698, 0
24.4713, 0
24.4728, 0
24.4741, 0
24.4749, 0
24.4773, 0
24.4853, 0
24.4870, 0
24.4886, 0
24.4930, 0
24.4939, 0
24.4958, 0
24.4975, 0
24.5003, 0
24.5032, 0
24.5045, 0
24.5058, 0
24.5065, 0
24.5092, 0
24.5125, 0
24.5146, 0
24.5160, 0
24.5178, 0
24.5249, 0
24.5327, 0
24.5337, 0
24.5348, 0
24.5406, 0
24.5428, 0
24.5443, 0
24.5462, 0
24.5483, 0
24.5501, 0
24.5524, 0
24.5532, 0
24.5567, 0
24.5601, 0
24.5620, 0
24.5661, 0
24.5681, 0
24.5786, 0
24.5799, 0
24.5807, 0
24.5816, 0
24.5824, 0
24.5834, 0
24.5935, 0
24.5961, 0
24.5974, 0
24.6006, 0
24.6016, 0
24.6045, 0
24.6054, 0
24.6079, 0
24.6111, 0
24.6124, 0
24.6134, 0
24.6164, 0
24.6173, 0
24.6186, 0
24.6203, 0
24.6224, 0
24.6243, 0
24.6271, 0
24.6291, 0
24.6300, 0
24.6337, 0
24.6369, 0
24.6385, 0
24.6405, 0
24.6421, 0
24.6432, 0
24.6446, 0
24.6462, 0
24.6476, 0
24.6498, 0
24.6519, 0
24.6540, 0
24.6558, 0
24.6574, 0
24.6592, 0
24.6601, 0
24.6619, 0
24.6634, 0
24.6651, 0
24.6668, 0
24.6685, 0
24.6699, 0
24.6714, 0
24.6728, 0
24.6757, 0
24.6771, 0
24.6787, 0
24.6804, 0
24.6821, 0
24.6836, 0
24.6852, 0
24.6867, 0
24.6881, 0
24.6904, 0
24.6915, 0
24.6929, 0
24.6946, 0
24.6962, 0
24.6977, 0
24.6987, 0
24.7004, 0
24.7021, 0
24.7035, 0
24.7053, 0
24.7068, 0
24.7098, 0
24.7105, 0
24.7112, 0
24.7130, 0
24.7151, 0
24.7158, 0
24.7168, 0
24.7185, 0
24.7202, 0
24.7214, 0
24.7230, 0
24.7254, 0
24.7264, 0
24.7281, 0
24.7290, 0
24.7306, 0
24.7319, 0
24.7336, 0
24.7354, 0
24.7365, 0
24.7383, 0
24.7407, 0
24.7420, 0
24.7435, 0
24.7453, 0
24.7468, 0
24.7486, 0
24.7497, 0
24.7516, 0
24.7536, 0
24.7555, 0
24.7570, 0
24.7588, 0
24.7608, 0
24.7629, 0
24.7641, 0
24.7662, 0
24.7686, 0
24.7712, 0
24.7730, 0
24.7737, 0
24.7744, 0
24.7812, 0
24.7827, 0
24.7847, 0
24.7865, 0
24.7874, 0
24.7891, 0
24.7910, 0
24.7922, 0
24.7940, 0
24.7963, 0
24.7975, 0
24.7988, 0
24.8006, 0
24.8023, 0
24.8042, 0
24.8058, 0
24.8072, 0
24.8089, 0
24.8107, 0
24.8124, 0
24.8137, 0
24.8162, 0
24.8176, 0
24.8192, 0
24.8211, 0
24.8228, 0
24.8240, 0
24.8256, 0
24.8274, 0
24.8286, 0
24.8311, 0
24.8324, 0
24.8362, 0
24.8381, 0
24.8392, 0
24.8402, 0
24.8411, 0
24.8423, 0
24.8440, 0
24.8453, 0
24.8463, 0
24.8475, 0
24.8508, 0
24.8529, 0
24.8556, 0
24.8584, 0
24.8593, 0
24.8601, 0
24.8619, 0
24.8641, 0
24.8662, 0
24.8679, 0
24.8688, 0
24.8699, 0
24.8717, 0
24.8741, 0
24.8754, 0
24.8770, 0
24.8782, 0
24.8789, 0
24.8810, 0
24.8850, 0
24.8864, 0
24.8877, 0
24.8884, 0
24.8901, 0
24.8918, 0
24.8941, 0
24.8948, 0
24.8962, 0
24.8980, 0
24.8987, 0
24.9010, 0
24.9029, 0
24.9044, 0
24.9063, 0
24.9077, 0
24.9095, 0
24.9112, 0
24.9134, 0
24.9154, 0
24.9161, 0
24.9180, 0
24.9200, 0
24.9221, 0
24.9239, 0
24.9252, 0
24.9271, 0
24.9288, 0
24.9297, 0
24.9310, 0
24.9323, 0
24.9332, 0
24.9341, 0
24.9350, 0
24.9360, 0
24.9374, 0
24.9384, 0
24.9393, 0
24.9410, 0
24.9422, 0
24.9439, 0
24.9452, 0
24.9473, 0
24.9485, 0
24.9501, 0
24.9517, 0
24.9529, 0
24.9543, 0
24.9555, 0
24.9570, 0
24.9582, 0
24.9597, 0
24.9613, 0
24.9625, 0
24.9640, 0
24.9651, 0
24.9660, 1
24.9715, 0
24.9737, 1
24.9753, 1
24.9767, 1
24.9777, 1
24.9785, 2
24.9923, 2
24.9957, 3
24.9977, 3
25.0017, 3
25.0036, 4
25.0045, 5
25.0060, 5
25.0093, 6
25.0102, 6
25.0119, 7
25.0137, 7
25.0153, 8
25.0177, 8
25.0186, 8
25.0202, 8
25.0252, 9
25.0272, 9
25.0286, 10
25.0307, 9
25.0329, 10
25.0348, 11
25.0361, 12
25.0370, 13
25.0410, 14
25.0435, 15
25.0446, 16
25.0457, 16
25.0489, 16
25.0501, 17
25.0521, 17
25.0536, 17
25.0550, 17
25.0563, 18
25.0578, 18
25.0594, 18
25.0613, 18
25.0626, 18
25.0640, 19
25.0654, 18
25.0665, 19
25.0678, 20
25.0692, 21
25.0705, 21
25.0716, 22
25.0730, 23
25.0743, 23
25.0753, 24
25.0770, 25
25.0782, 25
25.0793, 26
25.0809, 26
25.0824, 27
25.0836, 27
25.0850, 28
25.0866, 28
25.0881, 29
25.0897, 29
25.0911, 27
25.0924, 28
25.0931, 28
25.0939, 29
25.0945, 29
25.0952, 30
