1.3915, 0
1.3949, 0
1.3980, 1
1.3997, 0
1.4036, 0
1.4057, 0
1.4155, 0
1.4185, 0
1.4208, 0
1.4264, 0
1.4282, 0
1.4312, 0
1.4339, 0
1.4397, 0
1.4412, 0
1.4477, 0
1.4532, 0
1.4568, 0
1.4585, 0
1.4623, 0
1.4651, 0
1.4683, 0
1.4702, 0
1.4764, 0
1.4799, 0
1.4851, 1
1.4882, 0
1.4926, 0
1.4972, 0
1.5011, 0
1.5054, 0
1.5108, 0
1.5132, 0
1.5161, 0
1.5190, 0
1.5204, 0
1.5232, 0
1.5250, 0
1.5279, 0
1.5320, 0
1.5338, 0
1.5359, 0
1.5385, 0
1.5414, 0
1.5442, 0
1.5465, 0
1.5487, 0
1.5522, 0
1.5541, 0
1.5569, 0
1.5594, 0
1.5640, 0
1.5668, 0
1.5696, 0
1.5727, 0
1.5753, 0
1.5789, 0
1.5814, 0
1.5849, 0
1.5876, 0
1.5906, 1
1.5940, 1
1.5963, 2
1.5983, 2
1.6005, 0
1.6043, 2
1.6063, 0
1.6096, 1
1.6117, 0
1.6140, 1
1.6169, 0
1.6195, 0
1.6234, 0
1.6264, 0
1.6296, 0
1.6324, 0
1.6358, 0
1.6397, 0
1.6410, 0
1.6447, 0
1.6471, 0
1.6497, 0
1.6524, 0
1.6545, 0
1.6580, 0
1.6627, 0
1.6643, 0
1.6673, 0
1.6706, 0
1.6730, 0
1.6778, 0
1.6803, 0
1.6826, 0
1.6859, 0
1.6875, 0
1.6901, 0
1.6933, 0
1.6951, 0
1.6970, 0
1.6990, 0
1.7015, 0
1.7041, 0
1.7064, 0
1.7090, 0
1.7114, 0
1.7137, 0
1.7170, 0
1.7184, 0
1.7205, 0
1.7223, 0
1.7280, 0
1.7302, 0
1.7324, 1
1.7354, 2
1.7381, 2
1.7415, 1
1.7454, 1
1.7484, 1
1.7526, 2
1.7549, 0
1.7577, 0
1.7612, 0
1.7642, 0
1.7673, 0
1.7700, 0
1.7725, 0
1.7756, 0
1.7774, 0
1.7807, 0
1.7840, 0
1.7854, 0
1.7871, 1
1.7899, 0
1.7918, 0
1.7955, 0
1.7986, 0
1.8017, 0
1.8063, 0
1.8093, 0
1.8119, 0
1.8142, 0
1.8168, 0
1.8190, 0
1.8218, 0
1.8240, 0
1.8259, 0
1.8286, 0
1.8310, 0
1.8342, 0
1.8362, 0
1.8383, 0
1.8396, 1
1.8430, 1
1.8454, 2
1.8478, 2
1.8507, 1
1.8528, 1
1.8580, 2
1.8612, 2
1.8647, 3
1.8680, 4
1.8707, 6
1.8731, 6
1.8757, 7
1.8772, 6
1.8796, 7
1.8814, 7
1.8842, 9
1.8870, 8
1.8898, 9
1.8928, 9
1.8948, 8
1.8969, 7
1.8993, 5
1.9014, 5
1.9035, 5
1.9074, 3
1.9109, 3
1.9135, 2
1.9167, 1
1.9192, 0
1.9211, 0
1.9238, 0
1.9282, 0
1.9322, 0
1.9358, 0
1.9396, 0
1.9404, 0
1.9482, 0
1.9529, 0
1.9563, 0
1.9579, 1
1.9614, 1
1.9642, 0
1.9666, 1
1.9700, 1
1.9724, 2
1.9756, 1
1.9780, 0
1.9807, 1
1.9832, 1
1.9862, 2
1.9895, 3
1.9918, 2
1.9955, 2
1.9977, 3
2.0009, 3
2.0034, 1
2.0066, 2
2.0100, 1
2.0125, 1
2.0173, 1
2.0190, 0
2.0210, 0
2.0232, 0
2.0253, 1
2.0283, 2
2.0307, 2
2.0339, 1
2.0378, 1
2.0403, 1
2.0436, 1
2.0476, 2
2.0497, 3
2.0525, 4
2.0559, 3
2.0635, 5
2.0694, 7
2.0758, 8
2.0809, 8
2.0854, 9
2.0888, 9
2.0918, 10
2.0942, 11
2.0976, 13
2.1009, 13
2.1033, 14
2.1069, 16
2.1089, 16
2.1121, 17
2.1147, 19
2.1162, 20
2.1187, 21
2.1222, 22
2.1235, 23
2.1262, 24
2.1281, 25
2.1333, 26
2.1392, 25
2.1401, 26
2.1411, 26
2.1426, 26
2.1451, 26
2.1482, 28
2.1513, 17
2.1538, 18
2.1589, 17
2.1600, 17
2.1627, 17
2.1658, 17
2.1681, 18
2.1713, 19
2.1746, 19
2.1768, 20
2.1801, 20
2.1833, 22
2.1855, 23
2.1888, 19
2.1919, 18
2.1942, 17
2.1974, 16
2.2009, 12
2.2030, 12
2.2062, 10
2.2085, 10
2.2119, 10
2.2150, 9
2.2173, 9
2.2208, 9
2.2232, 7
2.2264, 8
2.2286, 6
2.2319, 6
2.2351, 6
2.2376, 5
2.2408, 4
2.2440, 4
2.2464, 4
2.2495, 4
2.2518, 4
2.2553, 5
2.2584, 6
2.2608, 7
2.2641, 9
2.2673, 6
2.2699, 7
2.2736, 9
2.2767, 9
2.2790, 10
2.2826, 12
2.2852, 13
2.2881, 14
2.2916, 16
2.2944, 17
2.2968, 18
2.2993, 18
2.3018, 19
2.3050, 20
2.3071, 22
2.3107, 23
2.3120, 24
2.3151, 25
2.3179, 26
2.3209, 27
2.3227, 29
2.3261, 25
2.3283, 24
2.3315, 26
2.3338, 27
2.3372, 16
2.3407, 16
2.3425, 16
2.3465, 13
2.3483, 10
2.3518, 9
2.3538, 8
2.3571, 7
2.3595, 3
2.3625, 2
2.3644, 2
2.3670, 0
2.3697, 0
2.3719, 0
2.3752, 1
2.3775, 0
2.3806, 0
2.3831, 0
2.3854, 0
2.3886, 0
2.3909, 0
2.3941, 0
2.3962, 0
2.3994, 0
2.4018, 0
2.4050, 1
2.4071, 0
2.4103, 1
2.4134, 0
2.4157, 0
2.4187, 0
2.4212, 0
2.4243, 0
2.4266, 0
2.4290, 0
2.4321, 2
2.4343, 1
2.4383, 2
2.4406, 2
2.4437, 0
2.4479, 0
2.4522, 0
2.4543, 1
2.4568, 0
2.4598, 1
2.4622, 0
2.4654, 0
2.4677, 0
2.4709, 0
2.4731, 0
2.4761, 0
2.4785, 0
2.4816, 0
2.4841, 0
2.4872, 1
2.4904, 3
2.4928, 1
2.4958, 2
2.4981, 2
2.5005, 2
2.5036, 4
2.5069, 5
2.5098, 5
2.5110, 7
2.5134, 7
2.5165, 9
2.5189, 10
2.5221, 11
2.5245, 10
2.5284, 9
2.5301, 9
2.5334, 9
2.5359, 8
2.5391, 9
2.5415, 10
2.5447, 8
2.5479, 8
2.5504, 8
2.5536, 8
2.5556, 8
2.5591, 9
2.5605, 10
2.5645, 10
2.5667, 11
2.5682, 13
2.5693, 14
2.5712, 15
2.5753, 17
2.5779, 18
2.5810, 19
2.5835, 19
2.5853, 19
2.5887, 19
2.5905, 20
2.5928, 20
2.5953, 20
2.5980, 20
2.6005, 22
2.6027, 22
2.6040, 22
2.6073, 21
2.6098, 19
2.6121, 19
2.6147, 20
2.6174, 19
2.6201, 20
2.6223, 19
2.6273, 20
2.6281, 19
2.6291, 19
2.6301, 19
2.6337, 19
2.6361, 21
2.6390, 20
2.6402, 21
2.6456, 21
2.6480, 21
2.6497, 22
2.6519, 19
2.6538, 18
2.6554, 18
2.6593, 17
2.6616, 16
2.6673, 16
2.6694, 16
2.6716, 16
2.6738, 13
2.6763, 14
2.6788, 15
2.6810, 15
2.6852, 15
2.6890, 16
2.6934, 16
2.6972, 17
2.6990, 16
2.7031, 10
2.7070, 8
2.7079, 7
2.7153, 6
2.7175, 5
2.7192, 5
2.7221, 3
2.7239, 3
2.7261, 4
2.7288, 5
2.7331, 5
2.7362, 7
2.7400, 6
2.7423, 7
2.7447, 8
2.7507, 8
2.7530, 9
2.7560, 10
2.7596, 9
2.7623, 10
2.7650, 10
2.7681, 10
2.7721, 9
2.7751, 7
2.7774, 4
2.7802, 3
2.7827, 2
2.7857, 2
2.7871, 2
2.7887, 2
2.7919, 2
2.7933, 1
2.7960, 0
2.7988, 0
2.8018, 0
2.8043, 2
2.8074, 4
2.8103, 5
2.8132, 7
2.8160, 8
2.8188, 9
2.8216, 11
2.8244, 13
2.8273, 11
2.8308, 12
2.8336, 12
2.8363, 12
2.8392, 12
2.8419, 12
2.8445, 12
2.8473, 10
2.8498, 9
2.8532, 9
2.8568, 8
2.8605, 9
2.8641, 8
2.8679, 9
2.8717, 8
2.8745, 9
2.8770, 9
2.8796, 8
2.8815, 9
2.8846, 9
2.8881, 8
2.8914, 9
2.8938, 10
2.8980, 9
2.8990, 9
2.9001, 9
2.9028, 9
2.9059, 10
2.9088, 10
2.9117, 10
2.9143, 9
2.9171, 8
2.9207, 9
2.9246, 9
2.9280, 8
2.9309, 9
2.9339, 9
2.9377, 9
2.9412, 8
2.9450, 7
2.9483, 8
2.9517, 7
2.9548, 7
2.9574, 7
2.9605, 7
2.9633, 7
2.9655, 7
2.9679, 7
2.9693, 7
2.9717, 6
2.9739, 7
2.9753, 6
2.9780, 6
2.9806, 5
2.9840, 7
2.9872, 8
2.9893, 9
2.9930, 7
2.9967, 8
2.9984, 7
3.0024, 8
3.0058, 7
3.0085, 7
3.0132, 8
3.0170, 8
3.0210, 7
3.0253, 7
3.0300, 7
3.0342, 7
3.0380, 7
3.0410, 7
3.0439, 6
3.0469, 6
3.0499, 3
3.0528, 2
3.0558, 2
3.0587, 1
3.0613, 0
3.0642, 0
3.0674, 0
3.0713, 0
3.0745, 0
3.0766, 0
3.0787, 0
3.0808, 0
3.0829, 1
3.0860, 0
3.0886, 0
3.0905, 0
3.0927, 0
3.0941, 1
3.0959, 0
3.0979, 0
3.1010, 0
3.1042, 0
3.1072, 1
3.1084, 0
3.1098, 0
3.1112, 1
3.1129, 0
3.1150, 0
3.1191, 0
3.1210, 0
3.1231, 0
3.1266, 0
3.1289, 0
3.1314, 0
3.1338, 0
3.1374, 0
3.1398, 1
3.1426, 0
3.1458, 0
3.1495, 1
3.1519, 1
3.1550, 0
3.1577, 0
3.1607, 1
3.1642, 1
3.1677, 2
3.1718, 2
3.1755, 3
3.1801, 5
3.1843, 6
3.1876, 7
3.1900, 7
3.1927, 8
3.1956, 8
3.1983, 10
3.2009, 10
3.2040, 11
3.2065, 11
3.2095, 11
3.2125, 10
3.2155, 11
3.2187, 10
3.2216, 11
3.2251, 10
3.2280, 11
3.2305, 11
3.2349, 10
3.2385, 10
3.2414, 10
3.2438, 9
3.2471, 9
3.2492, 10
3.2521, 10
3.2543, 10
3.2567, 9
3.2584, 10
3.2599, 9
3.2610, 9
3.2625, 10
3.2649, 9
3.2672, 9
3.2694, 9
3.2715, 9
3.2739, 8
3.2759, 9
3.2782, 9
3.2804, 9
3.2827, 9
3.2847, 9
3.2870, 9
3.2892, 9
3.2915, 9
3.2938, 10
3.2958, 11
3.2981, 12
3.3003, 12
3.3026, 14
3.3052, 14
3.3075, 15
3.3099, 16
3.3121, 17
3.3141, 17
3.3164, 19
3.3186, 20
3.3209, 21
3.3232, 22
3.3265, 22
3.3296, 24
3.3326, 24
3.3351, 26
3.3372, 25
3.3394, 24
3.3417, 22
3.3444, 21
3.3474, 20
3.3509, 18
3.3537, 17
3.3568, 15
3.3597, 15
3.3632, 13
3.3661, 12
3.3692, 11
3.3719, 10
3.3740, 10
3.3763, 9
3.3786, 7
3.3805, 7
3.3826, 6
3.3848, 5
3.3874, 5
3.3896, 4
3.3920, 3
3.3938, 3
3.3960, 2
3.3982, 1
3.4005, 0
3.4026, 0
3.4051, 0
3.4077, 0
3.4100, 0
3.4129, 0
3.4151, 0
3.4181, 0
3.4204, 0
3.4236, 0
3.4268, 0
3.4291, 0
3.4321, 0
3.4353, 0
3.4374, 0
3.4406, 0
3.4437, 0
3.4467, 0
3.4498, 0
3.4529, 0
3.4551, 0
3.4576, 0
3.4594, 0
3.4618, 0
3.4655, 0
3.4685, 0
3.4718, 1
3.4740, 0
3.4759, 0
3.4789, 0
3.4808, 0
3.4845, 0
3.4884, 0
3.4918, 0
3.4949, 0
3.4985, 0
3.5022, 1
3.5064, 1
3.5096, 0
3.5121, 1
3.5166, 0
3.5202, 0
3.5234, 1
3.5249, 1
3.5273, 1
3.5297, 0
3.5326, 0
3.5352, 0
3.5377, 0
3.5403, 0
3.5429, 1
3.5454, 1
3.5480, 1
3.5504, 1
3.5529, 3
3.5556, 3
3.5586, 3
3.5611, 4
3.5641, 4
3.5666, 4
3.5690, 4
3.5717, 5
3.5744, 7
3.5780, 8
3.5812, 8
3.5846, 8
3.5876, 8
3.5901, 8
3.5931, 8
3.5960, 7
3.6002, 7
3.6038, 7
3.6072, 8
3.6102, 9
3.6134, 9
3.6174, 9
3.6206, 9
3.6238, 10
3.6267, 11
3.6295, 11
3.6321, 12
3.6336, 12
3.6347, 12
3.6363, 13
3.6379, 11
3.6398, 12
3.6438, 14
3.6468, 15
3.6491, 16
3.6508, 16
3.6523, 16
3.6539, 16
3.6581, 17
3.6622, 19
3.6643, 19
3.6675, 15
3.6707, 15
3.6752, 14
3.6846, 13
3.6863, 13
3.6883, 12
3.6901, 10
3.6929, 10
3.6963, 9
3.6996, 7
3.7028, 6
3.7060, 5
3.7079, 3
3.7090, 3
3.7109, 1
3.7119, 0
3.7137, 0
3.7154, 0
3.7163, 0
3.7181, 0
3.7198, 0
3.7208, 0
3.7230, 0
3.7258, 0
3.7275, 0
3.7305, 1
3.7327, 1
3.7353, 0
3.7377, 0
3.7394, 0
3.7420, 0
3.7436, 0
3.7460, 0
3.7484, 0
3.7502, 0
3.7526, 0
3.7550, 0
3.7568, 0
3.7598, 0
3.7614, 0
3.7644, 0
3.7689, 0
3.7706, 0
3.7741, 0
3.7776, 2
3.7810, 4
3.7845, 6
3.7878, 8
3.7911, 10
3.7941, 11
3.7969, 13
3.8002, 15
3.8031, 16
3.8065, 18
3.8103, 20
3.8134, 22
3.8164, 24
3.8195, 26
3.8239, 28
3.8256, 30
3.8297, 22
3.8313, 24
3.8355, 26
3.8370, 28
3.8409, 30
3.8441, 32
3.8469, 34
3.8505, 36
3.8540, 38
3.8567, 25
3.8597, 27
3.8634, 28
3.8664, 29
3.8697, 31
3.8726, 33
3.8755, 34
3.8785, 33
3.8821, 29
3.8849, 27
3.8901, 25
3.8930, 24
3.8959, 23
3.8976, 21
3.9015, 20
3.9032, 19
3.9051, 18
3.9073, 17
3.9119, 17
3.9162, 19
3.9190, 21
3.9216, 22
3.9245, 24
3.9276, 25
3.9316, 27
3.9349, 29
3.9374, 29
3.9399, 31
3.9423, 33
3.9447, 33
3.9480, 35
3.9511, 37
3.9540, 39
3.9574, 41
3.9607, 43
3.9634, 45
3.9666, 47
3.9697, 49
3.9731, 51
3.9769, 25
3.9807, 25
3.9850, 25
3.9918, 27
3.9935, 27
3.9958, 27
3.9971, 18
3.9983, 19
3.9995, 19
4.0020, 21
4.0055, 21
4.0083, 21
4.0123, 13
4.0151, 13
4.0177, 13
4.0210, 15
4.0239, 15
4.0275, 15
4.0305, 16
4.0331, 17
4.0365, 17
4.0394, 18
4.0423, 19
4.0465, 19
4.0478, 19
4.0527, 20
4.0566, 21
4.0606, 21
4.0635, 21
4.0660, 22
4.0740, 23
4.0774, 23
4.0806, 24
4.0855, 25
4.0891, 25
4.0920, 25
4.0949, 13
4.0969, 12
4.1003, 7
4.1031, 7
4.1072, 6
4.1100, 5
4.1141, 4
4.1171, 0
4.1200, 0
4.1231, 0
4.1241, 0
4.1292, 0
4.1301, 0
4.1342, 0
4.1384, 0
4.1415, 0
4.1452, 0
4.1486, 0
4.1529, 0
4.1560, 0
4.1592, 0
4.1602, 0
4.1640, 0
4.1650, 0
4.1678, 0
4.1711, 0
4.1740, 0
4.1775, 0
4.1814, 0
4.1841, 0
4.1875, 0
4.1905, 0
4.1947, 0
4.1981, 0
4.2025, 0
4.2063, 0
4.2100, 0
4.2142, 0
4.2179, 1
4.2212, 3
4.2252, 5
4.2281, 7
4.2316, 9
4.2354, 11
4.2385, 11
4.2422, 13
4.2445, 13
4.2476, 15
4.2515, 16
4.2545, 18
4.2585, 17
4.2619, 19
4.2654, 21
4.2686, 18
4.2720, 20
4.2757, 22
4.2816, 26
4.2838, 27
4.2863, 28
4.2897, 30
4.2928, 24
4.2970, 21
4.3003, 18
4.3040, 18
4.3070, 17
4.3101, 14
4.3127, 14
4.3155, 9
4.3194, 6
4.3240, 2
4.3269, 0
4.3296, 0
4.3375, 0
4.3385, 0
4.3405, 0
4.3438, 1
4.3464, 0
4.3489, 0
4.3514, 0
4.3543, 0
4.3575, 0
4.3599, 2
4.3676, 4
4.3688, 5
4.3700, 7
4.3711, 8
4.3723, 9
4.3736, 9
4.3757, 9
4.3780, 11
4.3804, 11
4.3829, 13
4.3855, 11
4.3880, 10
4.3905, 9
4.3931, 8
4.3955, 9
4.3980, 7
4.4005, 4
4.4028, 3
4.4066, 5
4.4093, 7
4.4117, 9
4.4143, 11
4.4166, 12
4.4193, 13
4.4218, 15
4.4234, 16
4.4263, 17
4.4290, 19
4.4320, 20
4.4346, 21
4.4369, 23
4.4394, 25
4.4419, 27
4.4439, 29
4.4467, 31
4.4492, 33
4.4517, 35
4.4541, 37
4.4563, 39
4.4587, 41
4.4618, 43
4.4643, 45
4.4671, 47
4.4696, 49
4.4720, 51
4.4745, 53
4.4769, 54
4.4794, 55
4.4819, 55
4.4844, 55
4.4869, 56
4.4894, 57
4.4918, 57
4.4944, 57
4.4967, 58
4.4992, 58
4.5016, 59
4.5041, 59
4.5065, 59
4.5092, 58
4.5117, 59
4.5143, 59
4.5169, 59
4.5194, 59
4.5236, 60
4.5273, 60
4.5318, 61
4.5389, 61
4.5453, 61
4.5492, 61
4.5508, 62
4.5541, 62
4.5574, 63
4.5606, 63
4.5637, 62
4.5666, 59
4.5698, 58
4.5727, 58
4.5750, 58
4.5773, 57
4.5804, 57
4.5828, 58
4.5867, 57
4.5899, 56
4.5930, 55
4.5964, 56
4.5995, 57
4.6018, 56
4.6054, 57
4.6091, 58
4.6124, 57
4.6156, 58
4.6187, 57
4.6219, 58
4.6252, 57
4.6285, 58
4.6317, 59
4.6350, 59
4.6380, 61
4.6414, 61
4.6445, 62
4.6477, 63
4.6503, 62
4.6545, 52
4.6577, 54
4.6610, 56
4.6639, 58
4.6673, 60
4.6707, 61
4.6742, 60
4.6772, 59
4.6812, 59
4.6842, 56
4.6861, 52
4.6900, 50
4.6935, 49
4.6972, 47
4.7013, 45
4.7060, 45
4.7094, 44
4.7117, 44
4.7154, 43
4.7195, 43
4.7226, 43
4.7264, 45
4.7300, 45
4.7328, 44
4.7361, 43
4.7401, 45
4.7427, 47
4.7457, 49
4.7494, 50
4.7517, 49
4.7544, 49
4.7579, 49
4.7611, 49
4.7644, 49
4.7673, 39
4.7699, 37
4.7730, 35
4.7762, 33
4.7788, 31
4.7815, 29
4.7854, 25
4.7890, 25
4.7933, 14
4.7947, 11
4.7967, 8
4.7984, 8
4.8009, 8
4.8043, 9
4.8085, 9
4.8126, 3
4.8163, 3
4.8200, 3
4.8225, 3
4.8268, 0
4.8302, 1
4.8336, 2
4.8346, 2
4.8384, 2
4.8427, 1
4.8454, 1
4.8480, 1
4.8508, 0
4.8564, 0
4.8579, 0
4.8686, 0
4.8695, 0
4.8704, 0
4.8714, 0
4.8757, 0
4.8767, 0
4.8792, 0
4.8816, 0
4.8840, 0
4.8863, 0
4.8886, 0
4.8911, 0
4.8944, 0
4.8969, 0
4.8998, 0
4.9029, 0
4.9058, 0
4.9089, 0
4.9128, 0
4.9157, 0
4.9198, 0
4.9221, 0
4.9251, 0
4.9286, 0
4.9305, 0
4.9334, 0
4.9362, 0
4.9387, 0
4.9444, 0
4.9464, 0
4.9514, 0
4.9539, 0
4.9560, 0
4.9581, 0
4.9621, 0
4.9650, 0
4.9671, 0
4.9700, 0
4.9723, 0
4.9754, 1
4.9792, 2
4.9822, 4
4.9865, 7
4.9883, 8
4.9915, 10
4.9949, 12
4.9966, 13
5.0003, 15
5.0040, 17
5.0063, 18
5.0094, 16
5.0123, 17
5.0145, 15
5.0164, 16
5.0201, 16
5.0229, 16
5.0261, 17
5.0279, 17
5.0313, 19
5.0341, 21
5.0375, 23
5.0403, 25
5.0438, 27
5.0467, 24
5.0499, 22
5.0528, 20
5.0560, 18
5.0587, 16
5.0622, 14
5.0653, 11
5.0675, 11
5.0711, 9
5.0742, 7
5.0781, 7
5.0813, 7
5.0841, 7
5.0870, 6
5.0907, 5
5.0933, 3
5.0985, 3
5.0994, 1
5.1027, 1
5.1056, 0
5.1092, 0
5.1135, 0
5.1172, 0
5.1207, 0
5.1248, 0
5.1288, 0
5.1308, 0
5.1319, 0
5.1357, 0
5.1392, 0
5.1411, 0
5.1429, 0
5.1469, 0
5.1506, 0
5.1517, 0
5.1556, 0
5.1571, 0
5.1599, 2
5.1630, 2
5.1644, 3
5.1674, 3
5.1696, 3
5.1732, 3
5.1771, 3
5.1805, 3
5.1824, 2
5.1863, 1
5.1920, 1
5.1940, 3
5.1974, 3
5.1997, 4
5.2030, 5
5.2049, 6
5.2073, 7
5.2085, 7
5.2113, 7
5.2133, 5
5.2150, 0
5.2175, 1
5.2201, 1
5.2208, 1
5.2216, 1
5.2224, 0
5.2231, 0
5.2239, 1
5.2317, 1
5.2350, 1
5.2393, 1
5.2400, 1
5.2441, 0
5.2503, 0
5.2520, 1
5.2528, 1
5.2542, 1
5.2569, 2
5.2600, 2
5.2633, 3
5.2665, 3
5.2697, 3
5.2728, 3
5.2761, 3
5.2792, 3
5.2823, 2
5.2854, 2
5.2885, 2
5.2917, 1
5.2948, 1
5.2979, 3
5.3011, 3
5.3042, 5
5.3074, 5
5.3105, 6
5.3137, 7
5.3168, 7
5.3200, 9
5.3231, 9
5.3263, 11
5.3294, 11
5.3325, 12
5.3357, 13
5.3388, 14
5.3419, 15
5.3451, 15
5.3482, 16
5.3514, 17
5.3545, 17
5.3576, 18
5.3608, 19
5.3640, 19
5.3671, 21
5.3702, 21
5.3734, 22
5.3767, 23
5.3799, 24
5.3832, 25
5.3865, 25
5.3898, 26
5.3931, 25
5.3972, 25
5.4005, 25
5.4037, 25
5.4070, 25
5.4103, 26
5.4169, 25
5.4177, 25
5.4198, 27
5.4226, 25
5.4254, 25
5.4285, 25
5.4313, 25
5.4330, 24
5.4358, 24
5.4384, 24
5.4414, 24
5.4442, 23
5.4472, 22
5.4506, 22
5.4537, 20
5.4567, 18
5.4597, 17
5.4639, 17
5.4658, 15
5.4692, 15
5.4726, 15
5.4759, 15
5.4791, 13
5.4823, 14
5.4855, 13
5.4887, 12
5.4917, 10
5.4962, 8
5.4977, 7
5.5011, 1
5.5045, 3
5.5078, 5
5.5107, 7
5.5136, 7
5.5171, 9
5.5238, 11
5.5262, 12
5.5293, 13
5.5314, 15
5.5344, 17
5.5366, 18
5.5396, 20
5.5418, 21
5.5476, 23
5.5500, 25
5.5529, 26
5.5560, 27
5.5589, 24
5.5619, 26
5.5647, 28
5.5681, 30
5.5716, 32
5.5762, 34
5.5811, 36
5.5861, 38
5.5899, 40
5.5932, 33
5.5963, 29
5.5996, 31
5.6033, 33
5.6066, 35
5.6101, 37
5.6132, 39
5.6165, 41
5.6201, 43
5.6235, 45
5.6269, 47
5.6313, 49
5.6341, 33
5.6386, 35
5.6416, 37
5.6448, 39
5.6487, 40
5.6513, 41
5.6548, 43
5.6584, 45
5.6617, 46
5.6646, 47
5.6680, 49
5.6712, 50
5.6749, 51
5.6780, 52
5.6815, 53
5.6847, 50
5.6882, 45
5.6925, 47
5.6962, 47
5.6999, 45
5.7033, 45
5.7069, 46
5.7102, 46
5.7135, 47
5.7172, 45
5.7209, 45
5.7242, 46
5.7280, 46
5.7329, 46
5.7375, 42
5.7402, 43
5.7425, 45
5.7456, 43
5.7486, 43
5.7516, 43
5.7545, 41
5.7574, 37
5.7600, 35
5.7632, 34
5.7663, 31
5.7694, 29
5.7726, 29
5.7758, 29
5.7790, 29
5.7823, 29
5.7853, 29
5.7884, 29
5.7916, 29
5.7947, 29
5.7975, 29
5.8022, 29
5.8055, 29
5.8084, 29
5.8107, 28
5.8138, 28
5.8169, 28
5.8202, 28
5.8233, 29
5.8267, 29
5.8299, 29
5.8333, 29
5.8362, 29
5.8405, 30
5.8431, 31
5.8458, 31
5.8485, 31
5.8515, 32
5.8543, 33
5.8571, 33
5.8608, 33
5.8650, 34
5.8688, 33
5.8722, 30
5.8760, 29
5.8792, 27
5.8818, 25
5.8844, 26
5.8869, 26
5.8895, 25
5.8925, 25
5.8951, 24
5.8977, 22
5.9003, 20
5.9028, 17
5.9053, 15
5.9079, 13
5.9109, 13
5.9137, 11
5.9178, 9
5.9204, 6
5.9235, 5
5.9263, 3
5.9291, 1
5.9322, 0
5.9354, 0
5.9382, 0
5.9412, 0
5.9444, 0
5.9472, 0
5.9502, 0
5.9538, 0
5.9569, 0
5.9596, 0
5.9630, 1
5.9656, 1
5.9686, 0
5.9716, 1
5.9742, 3
5.9773, 3
5.9799, 5
5.9824, 5
5.9857, 6
5.9884, 6
5.9914, 7
5.9955, 8
5.9982, 9
6.0015, 10
6.0048, 10
6.0075, 11
6.0108, 11
6.0142, 8
6.0175, 5
6.0211, 3
6.0241, 1
6.0283, 0
6.0310, 0
6.0345, 1
6.0386, 1
6.0408, 3
6.0439, 0
6.0470, 0
6.0500, 0
6.0524, 0
6.0553, 0
6.0571, 0
6.0601, 0
6.0620, 0
6.0652, 0
6.0683, 1
6.0713, 2
6.0754, 2
6.0767, 4
6.0793, 4
6.0824, 5
6.0859, 6
6.0896, 6
6.0923, 7
6.0960, 0
6.0989, 0
6.1017, 0
6.1063, 0
6.1085, 0
6.1143, 0
6.1183, 0
6.1293, 0
6.1344, 1
6.1358, 1
6.1403, 2
6.1419, 0
6.1432, 0
6.1475, 0
6.1491, 0
6.1512, 0
6.1535, 0
6.1566, 0
6.1613, 0
6.1648, 0
6.1682, 0
6.1715, 0
6.1737, 0
6.1764, 0
6.1785, 1
6.1826, 1
6.1854, 1
6.1884, 2
6.1912, 3
6.1948, 3
6.1966, 3
6.2000, 4
6.2033, 0
6.2061, 1
6.2094, 0
6.2130, 1
6.2162, 1
6.2196, 0
6.2228, 0
6.2258, 0
6.2299, 0
6.2328, 1
6.2360, 1
6.2393, 0
6.2429, 0
6.2465, 1
6.2497, 3
6.2526, 5
6.2565, 7
6.2598, 9
6.2630, 11
6.2661, 11
6.2693, 13
6.2724, 13
6.2758, 13
6.2792, 14
6.2823, 15
6.2855, 16
6.2888, 17
6.2920, 18
6.2949, 19
6.2985, 20
6.3016, 21
6.3055, 23
6.3086, 23
6.3114, 25
6.3152, 25
6.3184, 27
6.3222, 28
6.3253, 29
6.3289, 31
6.3321, 33
6.3353, 35
6.3386, 37
6.3421, 38
6.3449, 39
6.3483, 41
6.3516, 41
6.3547, 43
6.3578, 45
6.3612, 46
6.3645, 47
6.3678, 49
6.3710, 51
6.3744, 51
6.3772, 53
6.3810, 53
6.3844, 53
6.3876, 55
6.3909, 56
6.3941, 58
6.3973, 59
6.4003, 60
6.4042, 59
6.4070, 61
6.4108, 59
6.4138, 56
6.4173, 56
6.4206, 57
6.4234, 57
6.4270, 56
6.4305, 53
6.4337, 54
6.4370, 53
6.4403, 53
6.4436, 53
6.4468, 55
6.4501, 55
6.4539, 53
6.4576, 51
6.4609, 49
6.4642, 49
6.4675, 45
6.4709, 43
6.4741, 41
6.4774, 39
6.4807, 38
6.4840, 37
6.4870, 35
6.4894, 35
6.4921, 37
6.4948, 35
6.4985, 33
6.5013, 33
6.5051, 35
6.5100, 36
6.5136, 35
6.5175, 34
6.5216, 29
6.5245, 27
6.5270, 24
6.5307, 27
6.5337, 25
6.5363, 26
6.5391, 25
6.5415, 26
6.5440, 22
6.5465, 18
6.5496, 20
6.5521, 18
6.5546, 15
6.5587, 14
6.5605, 11
6.5646, 9
6.5664, 9
6.5718, 8
6.5754, 7
6.5773, 0
6.5791, 0
6.5813, 0
6.5841, 0
6.5858, 0
6.5887, 1
6.5912, 1
6.5937, 0
6.5964, 0
6.5990, 0
6.6017, 0
6.6042, 0
6.6072, 1
6.6088, 1
6.6111, 1
6.6136, 2
6.6153, 2
6.6179, 0
6.6203, 0
6.6224, 0
6.6244, 0
6.6266, 1
6.6318, 3
6.6327, 1
6.6361, 1
6.6379, 1
6.6426, 2
6.6468, 3
6.6486, 3
6.6515, 5
6.6560, 5
6.6596, 1
6.6633, 0
6.6679, 0
6.6701, 0
6.6747, 0
6.6760, 0
6.6778, 1
6.6807, 0
6.6865, 0
6.6904, 1
6.6939, 1
6.6969, 0
6.6998, 0
6.7034, 0
6.7075, 0
6.7093, 0
6.7115, 0
6.7137, 0
6.7154, 1
6.7201, 0
6.7237, 0
6.7253, 1
6.7276, 1
6.7297, 1
6.7319, 1
6.7341, 3
6.7365, 5
6.7390, 5
6.7415, 3
6.7441, 0
6.7468, 0
6.7493, 0
6.7518, 0
6.7545, 0
6.7570, 0
6.7946, 0
6.7956, 0
6.7966, 0
6.7976, 0
6.7985, 0
6.7995, 0
6.8004, 0
6.8013, 0
6.8023, 0
6.8032, 0
6.8042, 0
6.8052, 1
6.8061, 1
6.8071, 0
6.8080, 0
6.8089, 0
6.8099, 0
6.8113, 0
6.8127, 0
6.8140, 0
6.8152, 0
6.8164, 0
6.8177, 0
6.8193, 0
6.8218, 0
6.8246, 0
6.8282, 0
6.8319, 0
6.8350, 0
6.8376, 0
6.8401, 0
6.8418, 0
6.8446, 0
6.8486, 0
6.8506, 1
6.8568, 2
6.8609, 4
6.8657, 4
6.8688, 5
6.8724, 4
6.8761, 2
6.8803, 0
6.8846, 0
6.8867, 0
6.8905, 0
6.8942, 0
6.8980, 0
6.9018, 0
6.9057, 1
6.9091, 2
6.9131, 4
6.9181, 7
6.9224, 9
6.9265, 10
6.9308, 11
6.9351, 13
6.9393, 12
6.9426, 11
6.9467, 10
6.9502, 8
6.9532, 9
6.9567, 10
6.9610, 10
6.9648, 9
6.9681, 9
6.9711, 8
6.9742, 7
6.9776, 4
6.9797, 5
6.9829, 5
6.9858, 4
6.9887, 3
6.9919, 3
6.9948, 3
6.9978, 1
7.0007, 0
7.0042, 1
7.0091, 1
7.0133, 2
7.0178, 3
7.0220, 3
7.0258, 5
7.0301, 4
7.0344, 3
7.0391, 3
7.0430, 3
7.0473, 3
7.0520, 2
7.0555, 0
7.0600, 0
7.0644, 0
7.0689, 0
7.0734, 0
7.0781, 0
7.0825, 1
7.0870, 1
7.0915, 2
7.0960, 3
7.0988, 3
7.1015, 3
7.1052, 3
7.1095, 4
7.1131, 5
7.1169, 5
7.1204, 7
7.1242, 8
7.1277, 9
7.1307, 11
7.1335, 12
7.1367, 13
7.1397, 15
7.1428, 15
7.1459, 17
7.1482, 17
7.1530, 17
7.1585, 17
7.1603, 18
7.1654, 18
7.1694, 19
7.1738, 19
7.1780, 19
7.1823, 19
7.1862, 19
7.1928, 19
7.1938, 19
7.1982, 20
7.2016, 21
7.2043, 23
7.2071, 24
7.2100, 25
7.2130, 27
7.2157, 28
7.2186, 29
7.2214, 31
7.2249, 32
7.2278, 33
7.2308, 34
7.2341, 35
7.2366, 36
7.2396, 37
7.2427, 34
7.2457, 35
7.2491, 35
7.2524, 33
7.2553, 26
7.2577, 21
7.2608, 20
7.2640, 21
7.2668, 23
7.2701, 23
7.2726, 25
7.2753, 27
7.2780, 28
7.2808, 30
7.2847, 32
7.2886, 30
7.2911, 30
7.2920, 32
7.2967, 33
7.2994, 29
7.3023, 25
7.3053, 25
7.3067, 25
7.3098, 26
7.3155, 24
7.3176, 23
7.3200, 23
7.3229, 23
7.3257, 22
7.3281, 21
7.3307, 21
7.3348, 19
7.3374, 19
7.3405, 19
7.3442, 19
7.3477, 19
7.3510, 19
7.3544, 19
7.3583, 18
7.3626, 19
7.3676, 18
7.3712, 19
7.3742, 18
7.3767, 19
7.3823, 20
7.3853, 19
7.3885, 21
7.3911, 19
7.3942, 20
7.3968, 21
7.3986, 21
7.4014, 23
7.4048, 22
7.4071, 23
7.4097, 22
7.4123, 23
7.4141, 23
7.4171, 24
7.4199, 26
7.4229, 24
7.4275, 24
7.4304, 25
7.4334, 25
7.4372, 25
7.4415, 24
7.4453, 24
7.4489, 24
7.4516, 23
7.4541, 22
7.4567, 23
7.4591, 20
7.4616, 21
7.4647, 20
7.4670, 16
7.4708, 12
7.4734, 9
7.4769, 7
7.4802, 5
7.4830, 5
7.4876, 3
7.4900, 5
7.4934, 7
7.4962, 7
7.4993, 9
7.5027, 11
7.5051, 12
7.5090, 13
7.5112, 15
7.5148, 15
7.5175, 14
7.5202, 13
7.5227, 13
7.5264, 11
7.5295, 7
7.5329, 5
7.5361, 3
7.5392, 2
7.5421, 1
7.5453, 1
7.5482, 1
7.5509, 2
7.5540, 2
7.5582, 2
7.5609, 4
7.5643, 4
7.5672, 5
7.5700, 5
7.5728, 5
7.5762, 6
7.5787, 7
7.5812, 7
7.5855, 8
7.5889, 9
7.5898, 9
7.5938, 11
7.5958, 11
7.6008, 11
7.6039, 12
7.6071, 12
7.6099, 13
7.6130, 13
7.6161, 13
7.6192, 13
7.6224, 12
7.6242, 12
7.6261, 12
7.6277, 13
7.6314, 13
7.6340, 13
7.6366, 14
7.6396, 14
7.6421, 15
7.6448, 16
7.6484, 16
7.6506, 18
7.6531, 20
7.6554, 20
7.6587, 22
7.6619, 24
7.6649, 25
7.6683, 26
7.6714, 27
7.6747, 28
7.6781, 29
7.6806, 31
7.6853, 31
7.6881, 31
7.6903, 32
7.6930, 33
7.6969, 32
7.7002, 32
7.7025, 31
7.7061, 27
7.7093, 27
7.7125, 29
7.7155, 31
7.7190, 31
7.7221, 31
7.7259, 31
7.7290, 32
7.7317, 33
7.7335, 33
7.7367, 35
7.7385, 37
7.7420, 30
7.7444, 30
7.7472, 29
7.7506, 29
7.7531, 28
7.7562, 29
7.7598, 30
7.7623, 31
7.7654, 31
7.7690, 31
7.7725, 31
7.7753, 31
7.7786, 32
7.7815, 33
7.7853, 33
7.7886, 33
7.7919, 33
7.7952, 34
7.7982, 32
7.8019, 32
7.8053, 33
7.8091, 33
7.8120, 33
7.8157, 33
7.8177, 34
7.8200, 34
7.8237, 35
7.8268, 35
7.8295, 35
7.8315, 36
7.8350, 36
7.8369, 37
7.8395, 37
7.8431, 37
7.8465, 37
7.8493, 38
7.8523, 27
7.8555, 25
7.8586, 22
7.8618, 21
7.8648, 19
7.8678, 19
7.8701, 19
7.8725, 20
7.8759, 21
7.8785, 21
7.8812, 21
7.8841, 21
7.8875, 21
7.8903, 22
7.8934, 22
7.8963, 23
7.8997, 23
7.9031, 23
7.9066, 23
7.9095, 24
7.9125, 24
7.9154, 25
7.9183, 25
7.9209, 25
7.9237, 25
7.9270, 25
7.9296, 22
7.9336, 19
7.9360, 17
7.9376, 15
7.9405, 13
7.9446, 12
7.9485, 12
7.9514, 12
7.9542, 12
7.9575, 12
7.9601, 12
7.9633, 12
7.9676, 13
7.9694, 13
7.9717, 15
7.9749, 16
7.9776, 15
7.9808, 16
7.9842, 17
7.9872, 17
7.9895, 17
7.9918, 18
7.9942, 19
7.9971, 20
7.9994, 20
8.0025, 21
8.0056, 22
8.0087, 23
8.0122, 23
8.0162, 24
8.0185, 24
8.0224, 25
8.0258, 26
8.0301, 28
8.0349, 28
8.0368, 29
8.0395, 29
8.0418, 30
8.0441, 31
8.0464, 26
8.0489, 20
8.0512, 20
8.0535, 20
8.0559, 22
8.0581, 20
8.0604, 21
8.0621, 22
8.0644, 21
8.0666, 22
8.0690, 24
8.0721, 26
8.0745, 27
8.0788, 27
8.0810, 28
8.0834, 29
8.0860, 30
8.0887, 31
8.0912, 32
8.0937, 33
8.0970, 34
8.1006, 36
8.1036, 37
8.1080, 35
8.1096, 31
8.1127, 29
8.1159, 28
8.1191, 25
8.1222, 24
8.1256, 23
8.1289, 20
8.1315, 19
8.1346, 15
8.1376, 15
8.1410, 14
8.1435, 13
8.1480, 13
8.1494, 11
8.1523, 7
8.1550, 3
8.1578, 5
8.1605, 5
8.1633, 7
8.1658, 7
8.1685, 7
8.1723, 6
8.1755, 5
8.1773, 5
8.1798, 5
8.1824, 4
8.1848, 4
8.1871, 1
8.1898, 2
8.1926, 1
8.1954, 0
8.1983, 0
8.2006, 0
8.2028, 0
8.2088, 0
8.2121, 0
8.2143, 0
8.2183, 0
8.2236, 0
8.2280, 0
8.2310, 0
8.2343, 0
8.2387, 0
8.2423, 0
8.2438, 0
8.2487, 0
8.2508, 0
8.2550, 0
8.2555, 0
8.2600, 0
8.2629, 0
8.2646, 0
8.2710, 0
8.2738, 0
8.2790, 0
8.2804, 0
8.2831, 0
8.2865, 0
8.2882, 0
8.2921, 0
8.2944, 0
8.2974, 0
8.3013, 0
8.3036, 0
8.3067, 0
8.3114, 0
8.3140, 0
8.3165, 0
8.3202, 0
8.3239, 0
8.3261, 0
8.3291, 0
8.3315, 0
8.3349, 0
8.3383, 0
8.3418, 0
8.3434, 0
8.3483, 0
8.3509, 0
8.3536, 0
8.3578, 0
8.3617, 0
8.3660, 0
8.3697, 0
8.3729, 0
8.3767, 0
8.3811, 0
8.3848, 0
8.3888, 0
8.3923, 0
8.3949, 0
8.3982, 0
8.4021, 0
8.4055, 0
8.4078, 0
8.4109, 0
8.4127, 0
8.4195, 0
8.4221, 2
8.4294, 4
8.4323, 6
8.4356, 8
8.4395, 10
8.4411, 12
8.4449, 10
8.4482, 12
8.4520, 14
8.4558, 7
8.4595, 9
8.4611, 11
8.4652, 13
8.4676, 15
8.4710, 17
8.4740, 19
8.4770, 20
8.4794, 17
8.4924, 17
8.4953, 16
8.4998, 14
8.5044, 14
8.5071, 14
8.5103, 14
8.5133, 15
8.5168, 16
8.5201, 16
8.5233, 18
8.5265, 20
8.5298, 22
8.5330, 24
8.5369, 26
8.5404, 28
8.5437, 29
8.5471, 30
8.5502, 32
8.5537, 33
8.5571, 35
8.5605, 36
8.5639, 37
8.5672, 38
8.5708, 39
8.5740, 40
8.5768, 41
8.5806, 41
8.5840, 41
8.5874, 42
8.5909, 41
8.5939, 41
8.5973, 41
8.6006, 39
8.6038, 38
8.6068, 39
8.6111, 39
8.6140, 41
8.6173, 43
8.6203, 41
8.6236, 42
8.6274, 43
8.6306, 43
8.6340, 43
8.6372, 43
8.6402, 43
8.6438, 43
8.6471, 44
8.6504, 43
8.6538, 44
8.6575, 43
8.6600, 44
8.6631, 45
8.6665, 45
8.6697, 45
8.6735, 42
8.6764, 41
8.6805, 41
8.6845, 40
8.6880, 39
8.6940, 37
8.6968, 36
8.6996, 35
8.7050, 31
8.7094, 31
8.7129, 29
8.7150, 24
8.7178, 23
8.7213, 22
8.7245, 20
8.7282, 17
8.7322, 17
8.7355, 15
8.7387, 14
8.7420, 15
8.7447, 13
8.7484, 12
8.7512, 12
8.7551, 10
8.7583, 9
8.7616, 7
8.7648, 5
8.7680, 0
8.7714, 0
8.7743, 0
8.7782, 0
8.7811, 0
8.7848, 0
8.7877, 0
8.7921, 0
8.7963, 0
8.8007, 0
8.8050, 0
8.8094, 0
8.8137, 0
8.8180, 0
8.8224, 0
8.8266, 2
8.8310, 0
8.8354, 1
8.8398, 0
8.8444, 1
8.8488, 0
8.8518, 1
8.8548, 1
8.8579, 3
8.8621, 3
8.8664, 3
8.8687, 4
8.8706, 5
8.8739, 6
8.8765, 7
8.8800, 8
8.8829, 9
8.8864, 11
8.8896, 12
8.8929, 13
8.8958, 13
8.9043, 15
8.9083, 17
8.9111, 19
8.9147, 15
8.9181, 17
8.9214, 18
8.9243, 19
8.9280, 19
8.9314, 19
8.9351, 20
8.9387, 21
8.9430, 21
8.9471, 21
8.9511, 22
8.9555, 23
8.9594, 23
8.9635, 23
8.9673, 24
8.9706, 25
8.9741, 25
8.9793, 25
8.9834, 26
8.9881, 27
8.9906, 27
8.9922, 27
8.9943, 28
8.9963, 25
9.0013, 23
9.0049, 17
9.0094, 15
9.0130, 13
9.0153, 10
9.0181, 6
9.0215, 3
9.0246, 0
9.0270, 0
9.0299, 0
9.0330, 1
9.0354, 1
9.0389, 1
9.0421, 2
9.0475, 3
9.0513, 3
9.0526, 1
9.0537, 1
9.0554, 0
9.0581, 1
9.0620, 1
9.0661, 0
9.0675, 1
9.0694, 3
9.0722, 0
9.0774, 0
9.0793, 0
9.0797, 0
9.0846, 0
9.0869, 0
9.0919, 0
9.0946, 0
9.0975, 0
9.0995, 0
9.1028, 0
9.1055, 0
9.1099, 1
9.1133, 1
9.1180, 1
9.1212, 2
9.1251, 0
9.1276, 0
9.1293, 1
9.1322, 0
9.1351, 0
9.1394, 0
9.1427, 0
9.1455, 0
9.1494, 0
9.1526, 0
9.1555, 1
9.1584, 3
9.1606, 1
9.1633, 1
9.1668, 3
9.1701, 3
9.1718, 1
9.1749, 0
9.1758, 0
9.1767, 0
9.1777, 0
9.1786, 1
9.1795, 2
9.1830, 1
9.1848, 1
9.1887, 2
9.1917, 1
9.1937, 0
9.1978, 0
9.2025, 0
9.2067, 0
9.2100, 0
9.2142, 0
9.2167, 0
9.2177, 0
9.2215, 0
9.2243, 0
9.2276, 0
9.2309, 1
9.2337, 1
9.2376, 1
9.2407, 2
9.2434, 1
9.2461, 0
9.2492, 0
9.2521, 0
9.2548, 0
9.2582, 0
9.2614, 0
9.2647, 0
9.2679, 0
9.2712, 0
9.2745, 0
9.2773, 0
9.2811, 0
9.2843, 0
9.2873, 0
9.2905, 0
9.2938, 0
9.2970, 0
9.3005, 1
9.3033, 0
9.3062, 0
9.3099, 0
9.3140, 0
9.3164, 0
9.3194, 1
9.3226, 0
9.3262, 0
9.3295, 0
9.3323, 0
9.3355, 0
9.3386, 0
9.3409, 0
9.3433, 0
9.3472, 0
9.3516, 0
9.3554, 0
9.3570, 0
9.3602, 0
9.3637, 0
9.3680, 0
9.3712, 0
9.3737, 0
9.3766, 0
9.3795, 0
9.3825, 0
9.3852, 0
9.3889, 0
9.3931, 0
9.3959, 0
9.3985, 1
9.4025, 1
9.4069, 1
9.4114, 1
9.4158, 2
9.4202, 0
9.4247, 0
9.4292, 0
9.4337, 0
9.4381, 2
9.4427, 4
9.4472, 5
9.4517, 5
9.4562, 5
9.4587, 7
9.4623, 8
9.4655, 9
9.4688, 10
9.4714, 9
9.4742, 10
9.4800, 9
9.4828, 8
9.4869, 4
9.4900, 3
9.4935, 1
9.4975, 1
9.5004, 0
9.5037, 0
9.5063, 0
9.5087, 0
9.5112, 0
9.5139, 0
9.5159, 0
9.5233, 0
9.5262, 0
9.5289, 0
9.5317, 0
9.5339, 0
9.5363, 0
9.5379, 1
9.5412, 3
9.5438, 5
9.5461, 6
9.5481, 8
9.5511, 8
9.5534, 10
9.5559, 11
9.5589, 12
9.5607, 13
9.5633, 15
9.5655, 15
9.5681, 17
9.5714, 12
9.5740, 12
9.5774, 12
9.5805, 12
9.5837, 11
9.5869, 11
9.5901, 9
9.5934, 7
9.5967, 5
9.5999, 1
9.6033, 3
9.6065, 5
9.6099, 4
9.6130, 6
9.6163, 5
9.6196, 7
9.6228, 5
9.6261, 7
9.6294, 7
9.6327, 8
9.6360, 10
9.6388, 11
9.6421, 13
9.6454, 12
9.6484, 11
9.6516, 8
9.6547, 6
9.6579, 5
9.6610, 1
9.6642, 0
9.6673, 0
9.6709, 0
9.6741, 0
9.6772, 0
9.6802, 0
9.6852, 0
9.6915, 0
9.6964, 0
9.7008, 0
9.7034, 0
9.7092, 0
9.7132, 0
9.7168, 0
9.7206, 0
9.7247, 0
9.7272, 0
9.7299, 0
9.7326, 0
9.7369, 0
9.7439, 0
9.7449, 0
9.7519, 0
9.7530, 0
9.7569, 0
9.7616, 0
9.7653, 0
9.7698, 0
9.7734, 0
9.7768, 0
9.7806, 1
9.7841, 3
9.7881, 2
9.7916, 2
9.7935, 3
9.7973, 4
9.8008, 5
9.8038, 5
9.8072, 7
9.8087, 7
9.8130, 9
9.8166, 11
9.8201, 13
9.8225, 13
9.8262, 14
9.8313, 16
9.8333, 16
9.8361, 18
9.8391, 19
9.8428, 20
9.8444, 20
9.8489, 22
9.8513, 23
9.8548, 25
9.8585, 25
9.8604, 26
9.8637, 28
9.8672, 29
9.8713, 30
9.8742, 31
9.8792, 33
9.8827, 34
9.8855, 36
9.8883, 36
9.8904, 37
9.8942, 39
9.8969, 40
9.9007, 42
9.9026, 42
9.9070, 44
9.9093, 46
9.9124, 46
9.9155, 47
9.9214, 49
9.9247, 49
9.9280, 50
9.9306, 51
9.9336, 51
9.9362, 53
9.9389, 54
9.9412, 55
9.9439, 56
9.9468, 58
9.9498, 58
9.9526, 59
9.9556, 61
9.9583, 62
9.9613, 61
9.9644, 61
9.9674, 58
9.9705, 53
9.9735, 51
9.9764, 49
9.9793, 47
9.9822, 45
9.9852, 47
9.9880, 47
9.9909, 41
9.9945, 39
9.9980, 35
10.0007, 31
10.0042, 31
10.0077, 30
10.0103, 29
10.0134, 30
10.0162, 30
10.0184, 21
10.0214, 22
10.0246, 24
10.0272, 24
10.0303, 24
10.0333, 26
10.0360, 26
10.0394, 25
10.0426, 25
10.0457, 25
10.0489, 24
10.0521, 25
10.0556, 23
10.0578, 23
10.0614, 14
10.0644, 11
10.0692, 11
10.0720, 12
10.0748, 10
10.0773, 11
10.0800, 11
10.0841, 12
10.0871, 11
10.0898, 12
10.0921, 12
10.0957, 13
10.0993, 15
10.1038, 14
10.1065, 14
10.1101, 14
10.1132, 16
10.1166, 17
10.1210, 14
10.1257, 12
10.1301, 12
10.1344, 9
10.1389, 10
10.1432, 7
10.1486, 4
10.1518, 5
10.1552, 0
10.1580, 0
10.1614, 0
10.1644, 0
10.1668, 0
10.1707, 0
10.1751, 0
10.1771, 0
10.1799, 0
10.1812, 0
10.1841, 0
10.1869, 0
10.1898, 0
10.1924, 0
10.1954, 1
10.1985, 1
10.2020, 1
10.2048, 2
10.2075, 2
10.2101, 0
10.2126, 0
10.2159, 0
10.2192, 0
10.2227, 0
10.2263, 0
10.2300, 0
10.2329, 0
10.2369, 0
10.2394, 0
10.2418, 0
10.2445, 0
10.2470, 0
10.2500, 0
10.2526, 0
10.2555, 0
10.2582, 0
10.2608, 1
10.2640, 2
10.2664, 2
10.2698, 3
10.2725, 4
10.2758, 4
10.2790, 6
10.2822, 8
10.2850, 7
10.2882, 7
10.2915, 5
10.2952, 7
10.2986, 5
10.3019, 5
10.3052, 4
10.3084, 5
10.3115, 5
10.3153, 5
10.3179, 4
10.3207, 5
10.3234, 6
10.3262, 7
10.3292, 7
10.3321, 7
10.3347, 7
10.3378, 8
10.3412, 7
10.3441, 7
10.3471, 9
10.3504, 9
10.3536, 7
10.3567, 7
10.3601, 5
10.3634, 5
10.3655, 6
10.3687, 7
10.3730, 8
10.3756, 8
10.3780, 8
10.3803, 8
10.3834, 9
10.3864, 6
10.3922, 5
10.3992, 4
10.4020, 1
10.4055, 0
10.4086, 0
10.4118, 0
10.4159, 0
10.4188, 0
10.4228, 0
10.4255, 0
10.4281, 0
10.4314, 0
10.4343, 0
10.4379, 0
10.4412, 0
10.4446, 0
10.4479, 0
10.4519, 1
10.4556, 1
10.4596, 1
10.4615, 3
10.4638, 3
10.4684, 3
10.4720, 5
10.4761, 5
10.4780, 7
10.4806, 7
10.4835, 8
10.4861, 9
10.4888, 10
10.4930, 11
10.4974, 10
10.5001, 9
10.5043, 11
10.5079, 13
10.5119, 15
10.5156, 15
10.5173, 13
10.5217, 11
10.5261, 9
10.5300, 11
10.5343, 13
10.5385, 14
10.5427, 15
10.5461, 17
10.5505, 19
10.5544, 19
10.5593, 21
10.5628, 22
10.5677, 23
10.5714, 25
10.5758, 26
10.5786, 27
10.5821, 29
10.5852, 31
10.5874, 32
10.5908, 33
10.5941, 35
10.5976, 37
10.6008, 37
10.6032, 38
10.6065, 40
10.6089, 41
10.6112, 41
10.6145, 42
10.6184, 44
10.6207, 45
10.6243, 47
10.6260, 48
10.6293, 49
10.6326, 50
10.6359, 50
10.6392, 42
10.6425, 42
10.6459, 42
10.6493, 41
10.6527, 41
10.6559, 42
10.6592, 42
10.6626, 42
10.6662, 40
10.6696, 40
10.6728, 41
10.6761, 40
10.6791, 39
10.6823, 39
10.6857, 39
10.6891, 38
10.6929, 39
10.6961, 38
10.6994, 37
10.7028, 37
10.7061, 37
10.7094, 38
10.7126, 38
10.7156, 39
10.7190, 39
10.7213, 39
10.7242, 39
10.7275, 39
10.7299, 39
10.7334, 40
10.7375, 39
10.7407, 39
10.7441, 40
10.7474, 41
10.7506, 41
10.7540, 42
10.7573, 43
10.7605, 44
10.7637, 44
10.7671, 45
10.7702, 46
10.7735, 46
10.7758, 47
10.7790, 49
10.7820, 47
10.7851, 46
10.7882, 46
10.7913, 43
10.7946, 43
10.7978, 41
10.8009, 39
10.8042, 37
10.8074, 35
10.8105, 33
10.8136, 33
10.8167, 32
10.8200, 31
10.8232, 30
10.8263, 30
10.8295, 29
10.8326, 29
10.8357, 25
10.8388, 19
10.8420, 12
10.8452, 13
10.8491, 14
10.8517, 15
10.8557, 13
10.8583, 14
10.8619, 5
10.8659, 3
10.8694, 1
10.8719, 2
10.8752, 3
10.8782, 3
10.8824, 1
10.8862, 3
10.8919, 3
10.8970, 3
10.9003, 3
10.9033, 3
10.9054, 3
10.9083, 5
10.9114, 6
10.9136, 7
10.9175, 8
10.9247, 9
10.9278, 10
10.9287, 10
10.9311, 12
10.9337, 13
10.9364, 13
10.9391, 15
10.9419, 15
10.9454, 16
10.9482, 17
10.9512, 15
10.9537, 11
10.9565, 6
10.9596, 8
10.9624, 5
10.9658, 2
10.9686, 0
10.9713, 0
10.9739, 2
10.9766, 4
10.9800, 6
10.9827, 8
10.9855, 10
10.9883, 4
10.9914, 6
10.9945, 8
10.9974, 9
11.0001, 11
11.0029, 13
11.0058, 15
11.0086, 6
11.0116, 8
11.0148, 10
11.0177, 7
11.0207, 9
11.0238, 11
11.0269, 13
11.0300, 5
11.0334, 1
11.0367, 0
11.0399, 0
11.0432, 0
11.0468, 0
11.0502, 1
11.0553, 0
11.0592, 2
11.0635, 0
11.0678, 2
11.0718, 4
11.0745, 1
11.0770, 1
11.0800, 3
11.0829, 2
11.0861, 0
11.0890, 0
11.0922, 2
11.0951, 4
11.0982, 6
11.1008, 8
11.1040, 10
11.1074, 12
11.1098, 13
11.1121, 15
11.1148, 15
11.1178, 17
11.1214, 18
11.1250, 19
11.1284, 21
11.1331, 22
11.1362, 22
11.1386, 24
11.1420, 25
11.1452, 26
11.1502, 28
11.1532, 28
11.1568, 30
11.1601, 32
11.1633, 32
11.1662, 34
11.1698, 36
11.1725, 36
11.1761, 39
11.1783, 39
11.1825, 41
11.1856, 43
11.1888, 44
11.1909, 44
11.1932, 45
11.1963, 47
11.1995, 47
11.2027, 49
11.2059, 51
11.2090, 51
11.2111, 52
11.2143, 53
11.2175, 52
11.2207, 51
11.2238, 49
11.2270, 49
11.2302, 47
11.2334, 45
11.2366, 43
11.2397, 42
11.2429, 39
11.2460, 37
11.2492, 35
11.2524, 34
11.2555, 31
11.2587, 29
11.2617, 27
11.2649, 26
11.2680, 24
11.2712, 22
11.2737, 21
11.2762, 19
11.2783, 19
11.2805, 18
11.2830, 16
11.2871, 15
11.2890, 13
11.2912, 11
11.2933, 9
11.2956, 9
11.2978, 7
11.2998, 5
11.3043, 5
11.3061, 1
11.3100, 1
11.3131, 3
11.3151, 4
11.3178, 5
11.3219, 7
11.3256, 9
11.3289, 10
11.3324, 11
11.3364, 13
11.3395, 15
11.3427, 17
11.3463, 18
11.3489, 19
11.3530, 21
11.3561, 21
11.3587, 23
11.3620, 24
11.3651, 25
11.3689, 27
11.3720, 28
11.3753, 29
11.3787, 31
11.3842, 32
11.3884, 33
11.3926, 35
11.3964, 36
11.3999, 37
11.4041, 39
11.4084, 40
11.4128, 41
11.4165, 42
11.4208, 39
11.4249, 36
11.4293, 33
11.4330, 32
11.4375, 31
11.4419, 29
11.4466, 27
11.4514, 26
11.4550, 24
11.4593, 23
11.4625, 21
11.4656, 19
11.4692, 18
11.4739, 19
11.4778, 20
11.4816, 21
11.4856, 23
11.4898, 24
11.4933, 21
11.4974, 19
11.5019, 17
11.5053, 15
11.5108, 13
11.5142, 9
11.5194, 9
11.5249, 7
11.5279, 6
11.5310, 4
11.5339, 2
11.5378, 1
11.5412, 0
11.5446, 0
11.5481, 0
11.5514, 0
11.5545, 0
11.5579, 0
11.5596, 0
11.5636, 0
11.5669, 0
11.5693, 0
11.5723, 0
11.5757, 0
11.5792, 0
11.5817, 0
11.5850, 0
11.5883, 0
11.5911, 0
11.5945, 0
11.5989, 1
11.6021, 3
11.6049, 5
11.6075, 7
11.6108, 9
11.6140, 11
11.6175, 13
11.6208, 15
11.6238, 17
11.6270, 18
11.6300, 19
11.6333, 20
11.6358, 20
11.6391, 20
11.6424, 20
11.6453, 18
11.6490, 14
11.6521, 10
11.6556, 10
11.6589, 9
11.6619, 7
11.6654, 7
11.6676, 6
11.6699, 5
11.6741, 6
11.6763, 5
11.6805, 6
11.6825, 6
11.6861, 6
11.6909, 7
11.6927, 6
11.6963, 8
11.6991, 7
11.7028, 7
11.7060, 5
11.7090, 5
11.7126, 5
11.7159, 5
11.7193, 3
11.7224, 3
11.7259, 0
11.7287, 0
11.7326, 0
11.7359, 0
11.7393, 0
11.7423, 0
11.7449, 0
11.7478, 0
11.7502, 0
11.7532, 0
11.7588, 0
11.7604, 0
11.7636, 0
11.7669, 0
11.7696, 0
11.7735, 0
11.7793, 0
11.7833, 0
11.7866, 0
11.7907, 0
11.7930, 0
11.7961, 0
11.7981, 0
11.8012, 0
11.8031, 0
11.8071, 0
11.8091, 0
11.8120, 0
11.8140, 0
11.8172, 0
11.8200, 0
11.8218, 0
11.8232, 0
11.8255, 0
11.8284, 0
11.8323, 1
11.8342, 2
11.8373, 4
11.8396, 4
11.8431, 5
11.8453, 7
11.8496, 8
11.8536, 10
11.8561, 11
11.8593, 11
11.8620, 13
11.8643, 14
11.8670, 16
11.8697, 18
11.8727, 18
11.8760, 20
11.8794, 22
11.8828, 22
11.8847, 24
11.8882, 24
11.8914, 26
11.8948, 27
11.8982, 28
11.9014, 30
11.9038, 31
11.9078, 32
11.9108, 33
11.9139, 27
11.9182, 27
11.9198, 23
11.9229, 20
11.9262, 19
11.9298, 19
11.9327, 20
11.9344, 21
11.9381, 23
11.9411, 21
11.9437, 22
11.9457, 22
11.9489, 21
11.9519, 22
11.9539, 18
11.9572, 20
11.9594, 19
11.9617, 18
11.9648, 20
11.9679, 15
11.9710, 17
11.9743, 17
11.9774, 17
11.9805, 16
11.9835, 15
11.9863, 13
11.9896, 13
11.9928, 12
11.9960, 13
11.9991, 11
12.0023, 13
12.0055, 13
12.0087, 13
12.0119, 14
12.0162, 12
12.0193, 12
12.0225, 7
12.0256, 7
12.0289, 7
12.0318, 5
12.0351, 2
12.0383, 2
12.0414, 2
12.0447, 3
12.0479, 0
12.0511, 0
12.0544, 0
12.0575, 0
12.0605, 0
12.0643, 0
12.0674, 0
12.0699, 0
12.0733, 0
12.0767, 0
12.0799, 0
12.0832, 0
12.0865, 0
12.0904, 0
12.0933, 0
12.0957, 0
12.0982, 0
12.1006, 0
12.1036, 0
12.1077, 0
12.1104, 0
12.1132, 0
12.1162, 0
12.1195, 0
12.1227, 0
12.1256, 0
12.1285, 0
12.1309, 0
12.1343, 0
12.1373, 0
12.1402, 0
12.1426, 0
12.1458, 0
12.1489, 0
12.1517, 0
12.1548, 0
12.1579, 0
12.1610, 1
12.1642, 2
12.1677, 0
12.1703, 0
12.1737, 2
12.1768, 0
12.1797, 2
12.1825, 0
12.1853, 0
12.1885, 1
12.1914, 3
12.1938, 4
12.1965, 5
12.1992, 6
12.2027, 7
12.2059, 8
12.2093, 9
12.2121, 11
12.2152, 11
12.2186, 13
12.2212, 15
12.2251, 16
12.2272, 18
12.2304, 19
12.2338, 21
12.2368, 23
12.2397, 24
12.2422, 25
12.2456, 27
12.2486, 27
12.2514, 29
12.2544, 29
12.2568, 31
12.2594, 31
12.2623, 32
12.2652, 33
12.2676, 33
12.2702, 35
12.2731, 35
12.2761, 35
12.2793, 36
12.2822, 37
12.2850, 37
12.2880, 37
12.2909, 37
12.2942, 38
12.2971, 39
12.2998, 41
12.3025, 41
12.3045, 43
12.3083, 44
12.3120, 45
12.3137, 45
12.3169, 45
12.3199, 46
12.3227, 46
12.3273, 47
12.3312, 49
12.3331, 49
12.3349, 50
12.3382, 52
12.3415, 51
12.3453, 53
12.3480, 51
12.3527, 52
12.3557, 53
12.3585, 53
12.3620, 54
12.3641, 55
12.3672, 55
12.3694, 53
12.3729, 55
12.3761, 56
12.3794, 57
12.3823, 57
12.3857, 57
12.3893, 57
12.3935, 54
12.3966, 55
12.3991, 55
12.4007, 53
12.4057, 49
12.4099, 49
12.4120, 47
12.4150, 47
12.4177, 48
12.4215, 48
12.4250, 48
12.4281, 49
12.4298, 49
12.4338, 49
12.4357, 50
12.4388, 51
12.4415, 51
12.4445, 52
12.4475, 51
12.4505, 51
12.4535, 51
12.4567, 52
12.4599, 53
12.4628, 53
12.4659, 53
12.4692, 54
12.4725, 55
12.4756, 57
12.4790, 59
12.4821, 59
12.4853, 61
12.4885, 61
12.4919, 63
12.4954, 63
12.4987, 63
12.5019, 63
12.5051, 63
12.5084, 63
12.5108, 62
12.5140, 62
12.5181, 63
12.5202, 62
12.5235, 62
12.5267, 62
12.5299, 62
12.5329, 62
12.5357, 62
12.5391, 61
12.5416, 62
12.5443, 62
12.5468, 62
12.5513, 60
12.5531, 60
12.5563, 58
12.5596, 56
12.5627, 54
12.5659, 52
12.5692, 50
12.5723, 50
12.5755, 51
12.5784, 50
12.5811, 50
12.5829, 49
12.5860, 44
12.5887, 43
12.5915, 41
12.5943, 41
12.5967, 41
12.6005, 40
12.6038, 38
12.6074, 37
12.6103, 33
12.6136, 33
12.6168, 29
12.6201, 26
12.6234, 25
12.6267, 25
12.6299, 23
12.6333, 23
12.6366, 23
12.6399, 25
12.6431, 26
12.6465, 27
12.6498, 28
12.6532, 29
12.6566, 31
12.6598, 30
12.6629, 30
12.6661, 29
12.6688, 27
12.6722, 27
12.6753, 27
12.6778, 27
12.6807, 27
12.6845, 27
12.6869, 27
12.6896, 27
12.6923, 27
12.6952, 27
12.6984, 27
12.7018, 27
12.7051, 27
12.7088, 28
12.7110, 28
12.7140, 29
12.7170, 29
12.7198, 31
12.7220, 30
12.7249, 31
12.7279, 27
12.7311, 27
12.7341, 27
12.7377, 21
12.7404, 18
12.7445, 17
12.7480, 17
12.7519, 15
12.7559, 11
12.7596, 11
12.7628, 11
12.7654, 7
12.7685, 6
12.7716, 5
12.7751, 1
12.7798, 0
12.7839, 0
12.7882, 1
12.7910, 1
12.7940, 1
12.7974, 1
12.8026, 1
12.8047, 3
12.8085, 5
12.8127, 7
12.8173, 1
12.8233, 0
12.8259, 0
12.8300, 0
12.8346, 0
12.8381, 0
12.8437, 0
12.8468, 0
12.8500, 0
12.8543, 0
12.8573, 0
12.8610, 0
12.8637, 0
12.8666, 1
12.8687, 3
12.8735, 3
12.8754, 3
12.8786, 3
12.8818, 3
12.8851, 4
12.8884, 4
12.8916, 5
12.8949, 5
12.8985, 5
12.9016, 5
12.9047, 5
12.9079, 5
12.9112, 5
12.9145, 5
12.9180, 6
12.9214, 6
12.9245, 5
12.9278, 5
12.9312, 4
12.9345, 1
12.9375, 0
12.9410, 0
12.9435, 0
12.9467, 0
12.9503, 0
12.9533, 0
12.9558, 0
12.9584, 0
12.9625, 0
12.9652, 0
12.9683, 0
12.9717, 0
12.9752, 0
12.9787, 1
12.9818, 1
12.9849, 2
12.9881, 0
12.9908, 0
12.9942, 0
12.9977, 0
13.0009, 0
13.0043, 0
13.0082, 0
13.0107, 0
13.0133, 0
13.0159, 0
13.0193, 0
13.0242, 0
13.0272, 0
13.0304, 0
13.0336, 0
13.0370, 0
13.0398, 0
13.0437, 0
13.0465, 0
13.0496, 0
13.0531, 0
13.0563, 0
13.0596, 0
13.0629, 0
13.0660, 0
13.0696, 0
13.0730, 0
13.0764, 0
13.0795, 0
13.0830, 0
13.0862, 0
13.0909, 0
13.0933, 0
13.0968, 0
13.1007, 0
13.1033, 0
13.1064, 0
13.1094, 0
13.1119, 0
13.1148, 1
13.1179, 3
13.1209, 5
13.1240, 7
13.1280, 9
13.1301, 5
13.1334, 1
13.1364, 1
13.1391, 0
13.1413, 0
13.1438, 0
13.1468, 0
13.1494, 1
13.1520, 3
13.1553, 1
13.1581, 1
13.1606, 1
13.1635, 1
13.1668, 1
13.1698, 3
13.1730, 4
13.1771, 5
13.1801, 7
13.1830, 7
13.1862, 9
13.1893, 9
13.1926, 11
13.1953, 7
13.1990, 7
13.2024, 7
13.2060, 7
13.2097, 6
13.2137, 4
13.2178, 3
13.2203, 1
13.2243, 2
13.2299, 1
13.2319, 2
13.2358, 2
13.2421, 3
13.2455, 4
13.2472, 5
13.2503, 3
13.2534, 3
13.2568, 2
13.2597, 2
13.2626, 2
13.2663, 4
13.2696, 3
13.2734, 3
13.2760, 3
13.2789, 5
13.2821, 5
13.2858, 6
13.2884, 5
13.2917, 6
13.2942, 3
13.2968, 1
13.2985, 1
13.3017, 0
13.3044, 0
13.3077, 0
13.3111, 0
13.3135, 0
13.3169, 0
13.3185, 0
13.3236, 0
13.3256, 0
13.3283, 0
13.3304, 0
13.3335, 0
13.3365, 0
13.3394, 0
13.3424, 0
13.3454, 0
13.3484, 0
13.3516, 0
13.3548, 0
13.3572, 0
13.3598, 1
13.3620, 0
13.3659, 1
13.3705, 0
13.3730, 0
13.3749, 0
13.3789, 0
13.3817, 0
13.3844, 2
13.3872, 4
13.3893, 6
13.3913, 0
13.3940, 0
13.3967, 0
13.3991, 0
13.4016, 0
13.4046, 0
13.4068, 1
13.4094, 1
13.4116, 2
13.4135, 2
13.4161, 2
13.4179, 2
13.4197, 3
13.4218, 4
13.4273, 3
13.4282, 4
13.4316, 2
13.4348, 1
13.4378, 0
13.4416, 0
13.4439, 0
13.4483, 0
13.4514, 0
13.4546, 0
13.4581, 0
13.4614, 0
13.4640, 0
13.4680, 0
13.4712, 0
13.4745, 0
13.4777, 0
13.4807, 1
13.4842, 0
13.4875, 0
13.4968, 1
13.5005, 2
13.5027, 0
13.5069, 0
13.5076, 0
13.5083, 0
13.5097, 0
13.5121, 0
13.5154, 0
13.5178, 0
13.5213, 1
13.5248, 1
13.5270, 1
13.5303, 1
13.5337, 3
13.5369, 0
13.5404, 0
13.5437, 1
13.5479, 1
13.5512, 1
13.5535, 1
13.5578, 0
13.5603, 0
13.5635, 1
13.5688, 3
13.5702, 1
13.5735, 1
13.5768, 3
13.5802, 0
13.5835, 0
13.5868, 0
13.5903, 0
13.5937, 0
13.5970, 0
13.6004, 0
13.6038, 1
13.6073, 3
13.6107, 0
13.6151, 0
13.6196, 0
13.6220, 0
13.6244, 0
13.6298, 0
13.6321, 0
13.6365, 0
13.6398, 0
13.6432, 0
13.6465, 0
13.6499, 0
13.6533, 0
13.6567, 0
13.6600, 1
13.6634, 3
13.6667, 5
13.6701, 4
13.6736, 6
13.6772, 8
13.6805, 9
13.6836, 0
13.6865, 1
13.6895, 0
13.6933, 0
13.6957, 0
13.6989, 0
13.7025, 2
13.7056, 2
13.7086, 0
13.7121, 0
13.7148, 0
13.7180, 0
13.7217, 1
13.7254, 0
13.7294, 0
13.7332, 0
13.7375, 0
13.7417, 1
13.7460, 3
13.7504, 3
13.7535, 5
13.7565, 7
13.7595, 7
13.7626, 9
13.7657, 10
13.7686, 11
13.7717, 12
13.7747, 13
13.7780, 15
13.7811, 15
13.7843, 17
13.7876, 17
13.7910, 19
13.7944, 19
13.7973, 21
13.8001, 21
13.8037, 22
13.8063, 23
13.8098, 24
13.8128, 25
13.8161, 25
13.8200, 27
13.8234, 27
13.8268, 28
13.8315, 29
13.8345, 30
13.8388, 31
13.8450, 32
13.8482, 34
13.8526, 36
13.8560, 37
13.8589, 37
13.8633, 37
13.8663, 38
13.8692, 39
13.8726, 39
13.8753, 41
13.8785, 41
13.8815, 41
13.8848, 43
13.8880, 43
13.8920, 45
13.8954, 45
13.8987, 41
13.9020, 41
13.9048, 40
13.9067, 39
13.9082, 39
13.9095, 39
13.9113, 38
13.9141, 37
13.9169, 35
13.9198, 35
13.9224, 33
13.9250, 35
13.9278, 35
13.9305, 37
13.9332, 39
13.9372, 41
13.9386, 43
13.9413, 45
13.9445, 47
13.9481, 49
13.9502, 51
13.9524, 53
13.9551, 55
13.9584, 41
13.9610, 43
13.9639, 45
13.9665, 41
13.9692, 43
13.9719, 42
13.9748, 39
13.9775, 37
13.9806, 35
13.9837, 35
13.9865, 35
13.9887, 34
13.9919, 33
13.9941, 33
13.9972, 33
14.0003, 32
14.0028, 31
14.0059, 29
14.0083, 27
14.0108, 24
14.0140, 21
14.0168, 21
14.0195, 19
14.0223, 17
14.0250, 16
14.0289, 15
14.0310, 14
14.0357, 14
14.0390, 14
14.0419, 15
14.0451, 16
14.0477, 17
14.0508, 19
14.0539, 20
14.0571, 21
14.0605, 21
14.0635, 21
14.0697, 22
14.0706, 21
14.0727, 21
14.0762, 22
14.0782, 23
14.0806, 21
14.0834, 23
14.0861, 23
14.0893, 24
14.0914, 25
14.0941, 26
14.0967, 27
14.1000, 27
14.1025, 29
14.1057, 29
14.1086, 29
14.1117, 29
14.1144, 30
14.1179, 31
14.1210, 32
14.1238, 28
14.1267, 26
14.1313, 24
14.1339, 21
14.1378, 19
14.1416, 18
14.1451, 16
14.1489, 14
14.1530, 12
14.1553, 10
14.1573, 8
14.1599, 6
14.1628, 4
14.1657, 3
14.1686, 1
14.1718, 0
14.1743, 0
14.1772, 0
14.1800, 0
14.1829, 0
14.1857, 1
14.1882, 1
14.1912, 0
14.1940, 0
14.1988, 0
14.1995, 0
14.2023, 0
14.2058, 0
14.2089, 0
14.2121, 0
14.2154, 1
14.2189, 3
14.2226, 4
14.2267, 5
14.2303, 7
14.2342, 8
14.2385, 9
14.2421, 11
14.2457, 12
14.2493, 13
14.2529, 15
14.2566, 16
14.2606, 17
14.2647, 19
14.2687, 20
14.2727, 21
14.2778, 23
14.2813, 23
14.2855, 25
14.2901, 26
14.2930, 27
14.2978, 29
14.3010, 30
14.3055, 31
14.3087, 33
14.3120, 34
14.3165, 35
14.3196, 37
14.3231, 39
14.3268, 32
14.3311, 34
14.3355, 36
14.3382, 37
14.3407, 40
14.3431, 41
14.3464, 43
14.3486, 44
14.3534, 43
14.3574, 44
14.3608, 46
14.3644, 47
14.3673, 44
14.3721, 42
14.3743, 36
14.3777, 34
14.3808, 34
14.3836, 32
14.3865, 30
14.3885, 29
14.3912, 29
14.3950, 25
14.3980, 27
14.4010, 29
14.4043, 29
14.4087, 28
14.4132, 28
14.4165, 26
14.4225, 27
14.4246, 27
14.4290, 28
14.4313, 28
14.4394, 27
14.4403, 27
14.4435, 26
14.4463, 26
14.4491, 25
14.4527, 23
14.4563, 22
14.4603, 20
14.4631, 20
14.4671, 18
14.4723, 17
14.4765, 16
14.4813, 15
14.4841, 13
14.4872, 12
14.4899, 11
14.4943, 6
14.4972, 5
14.5001, 6
14.5035, 1
14.5075, 0
14.5112, 1
14.5154, 0
14.5186, 0
14.5226, 1
14.5294, 1
14.5311, 1
14.5339, 0
14.5378, 0
14.5411, 0
14.5445, 0
14.5463, 0
14.5505, 0
14.5534, 0
14.5553, 0
14.5583, 0
14.5611, 0
14.5639, 0
14.5658, 0
14.5705, 2
14.5745, 2
14.5764, 2
14.5791, 2
14.5827, 1
14.5867, 2
14.5907, 2
14.5928, 3
14.5960, 2
14.5979, 2
14.6011, 4
14.6041, 4
14.6064, 5
14.6085, 5
14.6117, 5
14.6147, 7
14.6187, 8
14.6219, 8
14.6263, 8
14.6283, 8
14.6312, 7
14.6354, 8
14.6374, 8
14.6406, 9
14.6425, 9
14.6457, 10
14.6480, 9
14.6506, 10
14.6530, 10
14.6549, 10
14.6574, 12
14.6599, 12
14.6623, 13
14.6642, 12
14.6667, 11
14.6692, 8
14.6727, 0
14.6761, 3
14.6792, 5
14.6840, 7
14.6881, 9
14.6909, 11
14.6946, 13
14.6985, 5
14.7029, 3
14.7054, 0
14.7077, 1
14.7104, 1
14.7126, 1
14.7152, 0
14.7181, 0
14.7205, 0
14.7230, 0
14.7254, 0
14.7278, 1
14.7301, 1
14.7333, 1
14.7351, 1
14.7376, 1
14.7399, 2
14.7426, 2
14.7450, 2
14.7475, 2
14.7506, 2
14.7526, 3
14.7551, 3
14.7574, 3
14.7603, 3
14.7629, 3
14.7654, 3
14.7682, 2
14.7710, 2
14.7734, 2
14.7761, 1
14.7785, 1
14.7809, 0
14.7835, 0
14.7858, 0
14.7884, 0
14.7910, 0
14.7936, 0
14.7966, 0
14.7987, 0
14.8025, 0
14.8060, 0
14.8097, 0
14.8134, 1
14.8167, 3
14.8205, 4
14.8245, 5
14.8288, 7
14.8316, 7
14.8346, 7
14.8374, 9
14.8400, 9
14.8429, 11
14.8459, 10
14.8490, 12
14.8521, 10
14.8551, 8
14.8582, 9
14.8613, 11
14.8643, 13
14.8675, 14
14.8704, 13
14.8734, 14
14.8764, 13
14.8794, 13
14.8824, 13
14.8851, 14
14.8874, 15
14.8896, 14
14.8926, 15
14.8945, 15
14.8970, 15
14.8997, 15
14.9023, 15
14.9056, 15
14.9088, 16
14.9117, 17
14.9146, 19
14.9176, 20
14.9205, 20
14.9240, 20
14.9271, 22
14.9296, 22
14.9323, 23
14.9353, 23
14.9384, 23
14.9420, 23
14.9450, 23
14.9481, 23
14.9512, 23
14.9537, 24
14.9567, 24
14.9594, 24
14.9617, 25
14.9639, 25
14.9664, 25
14.9692, 25
14.9725, 25
14.9742, 26
14.9768, 26
14.9798, 27
14.9829, 28
14.9859, 29
14.9889, 29
14.9920, 29
14.9951, 29
14.9982, 27
15.0013, 25
15.0045, 26
15.0078, 26
15.0103, 26
15.0130, 27
15.0157, 27
15.0181, 27
15.0208, 27
15.0236, 28
15.0262, 28
15.0292, 29
15.0316, 29
15.0343, 29
15.0371, 29
15.0396, 29
15.0429, 29
15.0449, 29
15.0470, 30
15.0497, 30
15.0518, 30
15.0545, 31
15.0583, 31
15.0613, 31
15.0639, 31
15.0672, 33
15.0698, 32
15.0730, 34
15.0765, 34
15.0797, 34
15.0831, 35
15.0852, 36
15.0871, 37
15.0895, 39
15.0918, 39
15.0942, 41
15.0973, 41
15.1001, 42
15.1042, 43
15.1056, 45
15.1084, 45
15.1118, 47
15.1142, 47
15.1180, 49
15.1207, 49
15.1231, 50
15.1260, 51
15.1291, 51
15.1327, 51
15.1361, 52
15.1392, 53
15.1421, 54
15.1455, 55
15.1506, 57
15.1517, 58
15.1555, 59
15.1585, 60
15.1614, 61
15.1641, 61
15.1667, 62
15.1688, 63
15.1712, 63
15.1738, 62
15.1768, 62
15.1799, 63
15.1819, 63
15.1843, 63
15.1873, 62
15.1901, 63
15.1926, 63
15.1955, 63
15.1975, 63
15.1998, 63
15.2028, 62
15.2060, 63
15.2097, 62
15.2133, 63
15.2162, 63
15.2188, 63
15.2209, 63
15.2232, 63
15.2279, 62
15.2289, 62
15.2304, 62
15.2326, 63
15.2349, 63
15.2372, 60
15.2395, 60
15.2418, 61
15.2440, 62
15.2459, 63
15.2482, 63
15.2505, 62
15.2525, 63
15.2547, 57
15.2594, 57
15.2612, 54
15.2640, 54
15.2662, 53
15.2681, 51
15.2731, 49
15.2750, 48
15.2777, 47
15.2804, 45
15.2834, 44
15.2860, 43
15.2889, 43
15.2916, 43
15.2944, 45
15.2970, 45
15.2998, 43
15.3025, 43
15.3053, 44
15.3079, 44
15.3106, 45
15.3125, 46
15.3160, 46
15.3181, 46
15.3213, 47
15.3240, 47
15.3271, 47
15.3289, 47
15.3311, 48
15.3336, 49
15.3362, 49
15.3387, 49
15.3410, 49
15.3433, 49
15.3456, 50
15.3478, 50
15.3514, 50
15.3529, 47
15.3556, 45
15.3581, 43
15.3605, 42
15.3639, 41
15.3666, 39
15.3697, 35
15.3722, 33
15.3750, 32
15.3778, 30
15.3806, 27
15.3833, 26
15.3863, 23
15.3890, 23
15.3922, 21
15.3947, 19
15.3980, 17
15.3989, 15
15.4013, 15
15.4035, 15
15.4056, 15
15.4076, 16
15.4125, 18
15.4129, 15
15.4164, 17
15.4210, 19
15.4243, 18
15.4282, 19
15.4320, 17
15.4356, 17
15.4395, 18
15.4412, 20
15.4437, 19
15.4459, 20
15.4485, 19
15.4512, 19
15.4537, 21
15.4567, 22
15.4610, 23
15.4643, 23
15.4687, 23
15.4728, 23
15.4772, 23
15.4816, 24
15.4854, 25
15.4897, 24
15.4927, 23
15.4954, 22
15.4996, 21
15.5040, 18
15.5056, 17
15.5079, 17
15.5136, 17
15.5176, 17
15.5213, 17
15.5249, 17
15.5286, 18
15.5326, 19
15.5371, 19
15.5399, 19
15.5437, 19
15.5473, 19
15.5497, 19
15.5520, 8
15.5545, 7
15.5570, 6
15.5593, 5
15.5624, 0
15.5649, 0
15.5675, 0
15.5698, 0
15.5726, 0
15.5750, 0
15.5773, 0
15.5797, 0
15.5823, 0
15.5858, 0
15.5892, 0
15.5928, 0
15.5953, 0
15.5971, 1
15.6005, 1
15.6044, 1
15.6076, 2
15.6129, 3
15.6153, 4
15.6191, 5
15.6217, 7
15.6238, 9
15.6263, 10
15.6289, 12
15.6327, 10
15.6350, 10
15.6395, 11
15.6428, 11
15.6463, 10
15.6490, 7
15.6524, 3
15.6557, 0
15.6599, 0
15.6616, 0
15.6659, 0
15.6695, 0
15.6733, 0
15.6761, 0
15.6799, 0
15.6828, 0
15.6864, 0
15.6896, 0
15.6935, 0
15.6964, 0
15.7002, 0
15.7026, 0
15.7063, 0
15.7100, 0
15.7133, 0
15.7168, 0
15.7214, 0
15.7252, 0
15.7287, 0
15.7325, 0
15.7361, 0
15.7528, 0
15.7619, 0
15.7629, 0
15.7638, 0
15.7647, 0
15.7656, 0
15.7665, 0
15.7675, 0
15.7684, 0
15.7736, 0
15.7773, 0
15.7813, 0
15.7851, 0
15.7891, 0
15.7929, 0
15.7977, 0
15.8016, 0
15.8062, 0
15.8103, 0
15.8141, 0
15.8175, 0
15.8219, 0
15.8262, 0
15.8301, 0
15.8333, 0
15.8375, 0
15.8411, 0
15.8451, 0
15.8492, 0
15.8540, 0
15.8579, 0
15.8621, 0
15.8663, 0
15.8696, 0
15.8722, 0
15.8752, 0
15.8788, 0
15.8813, 0
15.8852, 0
15.8872, 0
15.8911, 0
15.8932, 0
15.8967, 0
15.9000, 0
15.9036, 0
15.9048, 0
15.9073, 0
15.9120, 0
15.9148, 0
15.9174, 1
15.9213, 0
15.9244, 0
15.9274, 0
15.9311, 0
15.9360, 1
15.9394, 1
15.9490, 2
15.9535, 1
15.9547, 3
15.9560, 3
15.9579, 1
15.9628, 0
15.9683, 0
15.9734, 0
15.9778, 0
15.9816, 0
15.9852, 0
15.9916, 0
15.9950, 0
15.9984, 0
16.0040, 0
16.0089, 0
16.0129, 0
16.0183, 2
16.0227, 0
16.0270, 1
16.0321, 1
16.0357, 1
16.0396, 1
16.0454, 3
16.0476, 3
16.0513, 3
16.0548, 5
16.0583, 5
16.0617, 6
16.0652, 7
16.0685, 8
16.0726, 7
16.0763, 7
16.0805, 8
16.0842, 8
16.0901, 9
16.0932, 9
16.0944, 9
16.0984, 10
16.1020, 10
16.1035, 9
16.1053, 9
16.1081, 9
16.1103, 9
16.1130, 10
16.1162, 10
16.1191, 10
16.1220, 10
16.1251, 11
16.1280, 11
16.1354, 11
16.1366, 11
16.1377, 11
16.1403, 12
16.1450, 13
16.1490, 13
16.1511, 13
16.1552, 14
16.1597, 13
16.1627, 13
16.1649, 14
16.1676, 14
16.1698, 13
16.1718, 13
16.1763, 13
16.1793, 13
16.1822, 14
16.1843, 15
16.1872, 15
16.1918, 17
16.1932, 16
16.1957, 15
16.1981, 15
16.2008, 16
16.2035, 17
16.2056, 19
16.2089, 21
16.2117, 23
16.2141, 19
16.2167, 21
16.2192, 23
16.2211, 25
16.2232, 26
16.2254, 27
16.2282, 29
16.2303, 31
16.2329, 33
16.2351, 34
16.2376, 35
16.2399, 37
16.2422, 39
16.2446, 41
16.2469, 42
16.2493, 43
16.2517, 45
16.2539, 47
16.2574, 47
16.2615, 49
16.2630, 49
16.2674, 50
16.2704, 51
16.2734, 51
16.2766, 51
16.2814, 51
16.2843, 52
16.2888, 53
16.2937, 53
16.2961, 53
16.2989, 54
16.3018, 55
16.3065, 55
16.3101, 55
16.3142, 55
16.3161, 56
16.3202, 57
16.3237, 57
16.3277, 57
16.3295, 58
16.3317, 58
16.3341, 59
16.3380, 59
16.3419, 59
16.3453, 60
16.3492, 61
16.3530, 61
16.3569, 61
16.3615, 62
16.3656, 63
16.3695, 63
16.3734, 63
16.3762, 62
16.3815, 63
16.3852, 63
16.3889, 63
16.3920, 62
16.3956, 63
16.3973, 63
16.4018, 63
16.4060, 62
16.4116, 63
16.4133, 63
16.4150, 63
16.4179, 63
16.4202, 62
16.4257, 63
16.4280, 63
16.4300, 63
16.4324, 63
16.4343, 62
16.4360, 63
16.4378, 63
16.4409, 63
16.4438, 63
16.4443, 62
16.4476, 63
16.4491, 62
16.4525, 62
16.4553, 62
16.4581, 62
16.4621, 62
16.4641, 60
16.4679, 60
16.4702, 60
16.4733, 61
16.4759, 61
16.4793, 55
16.4818, 56
16.4850, 56
16.4879, 56
16.4965, 58
16.4990, 58
16.5043, 59
16.5063, 59
16.5082, 60
16.5116, 59
16.5176, 56
16.5216, 52
16.5263, 51
16.5298, 49
16.5331, 45
16.5365, 37
16.5401, 39
16.5424, 41
16.5456, 43
16.5484, 45
16.5516, 47
16.5538, 49
16.5565, 51
16.5594, 53
16.5626, 55
16.5649, 46
16.5675, 46
16.5701, 48
16.5730, 50
16.5756, 52
16.5781, 54
16.5810, 56
16.5834, 58
16.5862, 60
16.5890, 49
16.5912, 51
16.5940, 52
16.5969, 54
16.6002, 56
16.6017, 58
16.6044, 59
16.6053, 61
16.6059, 63
16.6064, 62
16.6076, 53
16.6083, 52
16.6089, 53
16.6096, 49
16.6109, 46
16.6119, 42
16.6135, 38
16.6168, 36
16.6201, 33
16.6240, 30
16.6273, 27
16.6299, 24
16.6331, 23
16.6372, 21
16.6397, 17
16.6437, 15
16.6473, 11
16.6501, 8
16.6540, 4
16.6583, 0
16.6616, 0
16.6659, 0
16.6700, 0
16.6730, 0
16.6762, 0
16.6803, 0
16.6839, 0
16.6870, 0
16.6902, 0
16.6941, 0
16.6976, 0
16.7018, 0
16.7054, 0
16.7084, 0
16.7114, 1
16.7146, 3
16.7177, 3
16.7209, 5
16.7238, 5
16.7267, 0
16.7299, 0
16.7331, 0
16.7352, 0
16.7384, 0
16.7416, 0
16.7448, 0
16.7481, 0
16.7513, 0
16.7536, 0
16.7559, 0
16.7582, 0
16.7605, 0
16.7646, 0
16.7680, 0
16.7714, 2
16.7758, 2
16.7775, 0
16.7820, 0
16.7851, 0
16.7882, 0
16.7917, 0
16.7928, 0
16.7952, 1
16.7981, 1
16.8005, 1
16.8032, 1
16.8059, 2
16.8086, 2
16.8113, 2
16.8141, 3
16.8172, 3
16.8197, 3
16.8217, 4
16.8247, 4
16.8281, 4
16.8325, 6
16.8354, 6
16.8379, 7
16.8415, 7
16.8446, 7
16.8476, 8
16.8511, 8
16.8540, 8
16.8561, 10
16.8594, 9
16.8626, 9
16.8648, 9
16.8675, 1
16.8704, 2
16.8746, 3
16.8762, 4
16.8788, 4
16.8813, 4
16.8841, 4
16.8869, 5
16.8907, 4
16.8934, 4
16.8954, 4
16.8974, 4
16.9002, 4
16.9032, 5
16.9064, 7
16.9127, 7
16.9136, 7
16.9149, 7
16.9181, 7
16.9211, 9
16.9241, 3
16.9274, 4
16.9300, 5
16.9319, 7
16.9360, 8
16.9383, 9
16.9408, 11
16.9449, 12
16.9471, 13
16.9499, 15
16.9525, 15
16.9573, 17
16.9605, 18
16.9629, 18
16.9659, 20
16.9683, 20
16.9714, 22
16.9757, 22
16.9798, 24
16.9816, 25
16.9836, 26
16.9857, 28
16.9900, 29
16.9946, 29
16.9985, 29
17.0022, 29
17.0068, 29
17.0095, 30
17.0120, 30
17.0140, 31
17.0173, 31
17.0201, 31
17.0244, 32
17.0279, 32
17.0317, 32
17.0353, 32
17.0385, 32
17.0399, 32
17.0452, 33
17.0479, 34
17.0504, 34
17.0533, 34
17.0561, 36
17.0610, 38
17.0639, 38
17.0667, 39
17.0694, 40
17.0733, 42
17.0764, 42
17.0799, 43
17.0813, 44
17.0842, 46
17.0880, 46
17.0945, 48
17.0950, 50
17.0967, 52
17.1017, 54
17.1063, 55
17.1105, 56
17.1120, 58
17.1151, 59
17.1189, 61
17.1216, 63
17.1255, 63
17.1299, 63
17.1339, 63
17.1349, 63
17.1391, 62
17.1410, 59
17.1451, 56
17.1461, 53
17.1506, 50
17.1551, 49
17.1596, 46
17.1624, 46
17.1652, 44
17.1686, 43
17.1724, 41
17.1760, 40
17.1832, 41
17.1848, 38
17.1905, 34
17.1918, 33
17.1954, 31
17.1985, 29
17.2022, 28
17.2063, 24
17.2090, 23
17.2104, 23
17.2136, 22
17.2176, 21
17.2219, 20
17.2233, 19
17.2276, 21
17.2309, 21
17.2323, 20
17.2338, 17
17.2396, 17
17.2422, 16
17.2452, 15
17.2478, 15
17.2501, 15
17.2532, 15
17.2567, 15
17.2596, 15
17.2627, 15
17.2654, 14
17.2687, 14
17.2720, 12
17.2752, 12
17.2785, 12
17.2813, 12
17.2845, 11
17.2872, 11
17.2904, 12
17.2939, 11
17.2969, 11
17.2998, 11
17.3028, 9
17.3059, 11
17.3088, 11
17.3119, 11
17.3150, 11
17.3180, 11
17.3206, 12
17.3217, 12
17.3228, 12
17.3254, 10
17.3267, 12
17.3281, 14
17.3294, 14
17.3310, 14
17.3324, 13
17.3342, 14
17.3356, 12
17.3369, 13
17.3392, 13
17.3417, 12
17.3442, 11
17.3467, 11
17.3483, 11
17.3512, 10
17.3533, 9
17.3555, 9
17.3583, 8
17.3608, 7
17.3633, 5
17.3659, 5
17.3679, 5
17.3702, 4
17.3730, 3
17.3755, 3
17.3782, 3
17.3804, 2
17.3830, 2
17.3855, 1
17.3875, 1
17.3900, 0
17.3924, 0
17.3953, 0
17.3987, 0
17.4007, 0
17.4032, 0
17.4056, 0
17.4086, 0
17.4107, 0
17.4122, 0
17.4153, 0
17.4175, 0
17.4201, 0
17.4225, 0
17.4249, 0
17.4274, 0
17.4299, 0
17.4324, 0
17.4345, 0
17.4370, 0
17.4395, 0
17.4419, 0
17.4444, 0
17.4467, 0
17.4500, 0
17.4522, 0
17.4559, 0
17.4594, 0
17.4612, 0
17.4636, 0
17.4663, 0
17.4692, 0
17.4721, 0
17.4749, 0
17.4778, 0
17.4806, 1
17.4835, 3
17.4870, 1
17.4896, 0
17.4929, 0
17.4961, 0
17.4969, 0
17.5030, 0
17.5045, 0
17.5087, 0
17.5119, 0
17.5161, 2
17.5198, 0
17.5216, 2
17.5249, 3
17.5281, 1
17.5379, 3
17.5416, 5
17.5457, 5
17.5489, 7
17.5526, 7
17.5558, 7
17.5588, 9
17.5617, 7
17.5656, 9
17.5692, 11
17.5718, 9
17.5758, 11
17.5779, 13
17.5812, 9
17.5844, 11
17.5878, 12
17.5913, 14
17.5938, 15
17.5967, 16
17.5996, 18
17.6029, 17
17.6068, 19
17.6093, 17
17.6124, 19
17.6148, 18
17.6173, 19
17.6202, 19
17.6229, 19
17.6256, 19
17.6289, 21
17.6313, 22
17.6339, 21
17.6367, 20
17.6392, 19
17.6419, 19
17.6443, 19
17.6465, 20
17.6491, 21
17.6517, 22
17.6544, 23
17.6577, 21
17.6595, 20
17.6613, 16
17.6633, 12
17.6658, 9
17.6680, 8
17.6705, 10
17.6727, 11
17.6752, 11
17.6776, 11
17.6801, 11
17.6825, 11
17.6842, 10
17.6867, 10
17.6892, 11
17.6915, 12
17.6940, 12
17.6962, 14
17.6986, 14
17.7010, 16
17.7044, 17
17.7057, 18
17.7081, 18
17.7109, 16
17.7152, 15
17.7172, 12
17.7214, 10
17.7239, 10
17.7280, 9
17.7311, 9
17.7337, 7
17.7374, 5
17.7407, 3
17.7432, 2
17.7474, 1
17.7508, 0
17.7539, 0
17.7572, 0
17.7617, 0
17.7651, 1
17.7679, 1
17.7718, 1
17.7761, 1
17.7792, 1
17.7828, 0
17.7852, 0
17.7893, 0
17.7910, 1
17.7941, 0
17.7971, 0
17.8003, 0
17.8031, 0
17.8063, 1
17.8094, 1
17.8126, 1
17.8156, 1
17.8188, 1
17.8221, 0
17.8252, 0
17.8283, 1
17.8315, 2
17.8347, 1
17.8378, 3
17.8410, 3
17.8439, 3
17.8472, 3
17.8504, 4
17.8534, 3
17.8567, 1
17.8597, 2
17.8628, 3
17.8661, 3
17.8693, 4
17.8725, 5
17.8758, 5
17.8791, 6
17.8822, 7
17.8856, 8
17.8889, 9
17.8921, 10
17.8956, 9
17.8987, 10
17.9019, 11
17.9043, 11
17.9066, 12
17.9097, 11
17.9121, 11
17.9152, 11
17.9184, 10
17.9215, 9
17.9247, 9
17.9279, 8
17.9310, 7
17.9344, 7
17.9379, 5
17.9409, 5
17.9439, 5
17.9472, 3
17.9503, 3
17.9535, 2
17.9568, 0
17.9598, 1
17.9627, 0
17.9652, 0
17.9674, 0
17.9704, 0
17.9726, 0
17.9743, 0
17.9768, 0
17.9784, 0
17.9811, 0
17.9847, 0
17.9869, 0
17.9897, 0
17.9922, 0
17.9943, 0
17.9973, 0
18.0009, 0
18.0052, 0
18.0095, 0
18.0114, 0
18.0146, 0
18.0184, 0
18.0225, 2
18.0266, 4
18.0306, 6
18.0335, 8
18.0350, 10
18.0375, 11
18.0397, 13
18.0431, 15
18.0458, 17
18.0489, 19
18.0511, 19
18.0541, 20
18.0573, 20
18.0604, 22
18.0645, 19
18.0667, 19
18.0699, 18
18.0729, 16
18.0761, 16
18.0795, 15
18.0826, 15
18.0858, 15
18.0891, 14
18.0924, 15
18.0955, 15
18.0987, 15
18.1019, 16
18.1046, 17
18.1074, 16
18.1107, 17
18.1133, 17
18.1155, 17
18.1184, 18
18.1211, 17
18.1241, 19
18.1264, 20
18.1297, 21
18.1323, 21
18.1351, 21
18.1387, 21
18.1424, 21
18.1452, 23
18.1489, 23
18.1510, 24
18.1543, 26
18.1577, 27
18.1607, 27
18.1634, 27
18.1663, 29
18.1695, 28
18.1731, 27
18.1760, 27
18.1789, 29
18.1822, 26
18.1855, 26
18.1888, 27
18.1914, 28
18.1939, 27
18.1983, 27
18.2014, 25
18.2045, 25
18.2079, 25
18.2101, 25
18.2144, 25
18.2173, 27
18.2205, 26
18.2223, 27
18.2249, 27
18.2278, 27
18.2307, 27
18.2320, 27
18.2349, 27
18.2380, 26
18.2409, 26
18.2442, 26
18.2472, 26
18.2503, 25
18.2535, 24
18.2563, 23
18.2595, 23
18.2625, 23
18.2649, 23
18.2670, 21
18.2702, 20
18.2733, 19
18.2766, 17
18.2799, 17
18.2832, 17
18.2864, 16
18.2895, 17
18.2928, 17
18.2959, 18
18.2990, 19
18.3020, 21
18.3059, 23
18.3097, 25
18.3123, 22
18.3156, 24
18.3184, 26
18.3212, 27
18.3240, 28
18.3284, 29
18.3323, 30
18.3370, 30
18.3403, 29
18.3444, 27
18.3482, 27
18.3503, 27
18.3532, 26
18.3564, 25
18.3597, 25
18.3629, 25
18.3658, 25
18.3690, 24
18.3726, 24
18.3759, 23
18.3794, 23
18.3827, 23
18.3860, 23
18.3892, 22
18.3925, 21
18.3958, 21
18.3990, 21
18.4023, 23
18.4056, 23
18.4089, 25
18.4122, 25
18.4155, 27
18.4188, 28
18.4221, 28
18.4255, 29
18.4287, 29
18.4317, 29
18.4350, 29
18.4380, 30
18.4407, 29
18.4446, 29
18.4484, 29
18.4513, 29
18.4547, 29
18.4574, 29
18.4604, 29
18.4635, 29
18.4664, 29
18.4693, 29
18.4723, 28
18.4757, 28
18.4787, 27
18.4816, 26
18.4848, 24
18.4878, 23
18.4963, 21
18.4997, 19
18.5036, 19
18.5073, 17
18.5112, 15
18.5144, 13
18.5177, 13
18.5215, 12
18.5250, 6
18.5286, 3
18.5326, 2
18.5368, 0
18.5399, 0
18.5448, 0
18.5479, 0
18.5509, 0
18.5572, 0
18.5583, 0
18.5596, 0
18.5603, 0
18.5613, 0
18.5662, 0
18.5697, 0
18.5731, 0
18.5771, 0
18.5805, 0
18.5840, 0
18.5864, 0
18.5896, 0
18.5931, 0
18.5964, 0
18.6032, 0
18.6044, 0
18.6054, 0
18.6066, 0
18.6092, 0
18.6127, 0
18.6145, 0
18.6171, 0
18.6201, 0
18.6223, 0
18.6255, 0
18.6286, 0
18.6302, 0
18.6320, 0
18.6343, 0
18.6438, 0
18.6531, 0
18.6541, 0
18.6566, 1
18.6595, 0
18.6642, 0
18.6800, 0
18.6828, 1
18.6837, 0
18.6852, 0
18.6881, 0
18.6894, 0
18.6919, 0
18.6932, 0
18.6947, 0
18.6956, 0
18.6964, 0
18.6973, 1
18.6982, 2
18.6995, 3
18.7005, 1
18.7070, 0
18.7081, 0
18.7095, 0
18.7106, 0
18.7115, 0
18.7130, 0
18.7139, 0
18.7167, 0
18.7177, 0
18.7185, 0
18.7195, 0
18.7204, 0
18.7221, 0
18.7233, 0
18.7249, 0
18.7261, 0
18.7272, 0
18.7297, 0
18.7306, 0
18.7315, 0
18.7327, 0
18.7336, 0
18.7354, 0
18.7369, 0
18.7388, 0
18.7409, 0
18.7428, 0
18.7442, 0
18.7471, 0
18.7484, 0
18.7507, 0
18.7527, 0
18.7551, 0
18.7573, 0
18.7596, 0
18.7636, 0
18.7661, 0
18.7697, 0
18.7740, 0
18.7773, 0
18.7807, 0
18.7825, 0
18.7847, 0
18.7867, 0
18.7885, 0
18.7954, 0
18.7964, 0
18.7998, 0
18.8008, 0
18.8017, 1
18.8025, 1
18.8034, 1
18.8046, 2
18.8055, 2
18.8075, 2
18.8121, 3
18.8130, 3
18.8158, 3
18.8176, 4
18.8213, 5
18.8220, 5
18.8244, 6
18.8269, 6
18.8298, 7
18.8319, 7
18.8336, 8
18.8357, 9
18.8383, 10
18.8410, 10
18.8424, 11
18.8460, 12
18.8469, 12
18.8495, 13
18.8523, 13
18.8528, 14
18.8551, 15
18.8591, 15
18.8621, 16
18.8644, 17
18.8675, 19
18.8698, 19
18.8729, 20
18.8747, 21
18.8778, 21
18.8793, 21
18.8812, 21
18.8835, 21
18.8869, 21
18.8895, 20
18.8919, 20
18.8941, 20
18.8965, 20
18.8990, 20
18.9001, 20
18.9020, 19
18.9048, 19
18.9073, 19
18.9096, 19
18.9120, 19
18.9143, 19
18.9162, 19
18.9185, 18
18.9210, 16
18.9233, 15
18.9253, 14
18.9270, 12
18.9293, 11
18.9317, 10
18.9340, 9
18.9366, 8
18.9389, 7
18.9412, 6
18.9435, 5
18.9464, 4
18.9483, 3
18.9507, 3
18.9531, 2
18.9544, 1
18.9569, 1
18.9587, 0
18.9607, 0
18.9628, 0
18.9640, 0
18.9665, 0
18.9680, 0
18.9715, 0
18.9729, 0
18.9753, 0
18.9764, 0
18.9783, 0
18.9817, 0
18.9835, 0
18.9862, 0
18.9882, 0
18.9901, 0
18.9935, 0
18.9957, 0
18.9970, 0
19.0021, 0
19.0045, 0
19.0067, 0
19.0091, 0
19.0114, 0
19.0201, 0
19.0227, 0
19.0239, 0
19.0253, 0
19.0269, 0
19.0341, 0
19.0354, 0
19.0366, 0
19.0379, 0
19.0394, 0
19.0403, 0
19.0414, 0
19.0433, 0
19.0445, 0
19.0462, 0
19.0503, 0
19.0517, 0
19.0538, 0
19.0555, 0
19.0575, 0
19.0594, 0
19.0613, 0
19.0631, 0
19.0644, 0
19.0660, 0
19.0676, 0
19.0693, 0
19.0717, 0
19.0748, 0
19.0772, 0
19.0799, 0
19.0823, 1
19.0851, 1
19.0873, 0
19.0899, 0
19.0922, 0
19.0946, 0
19.0970, 0
19.0991, 0
19.1008, 1
19.1020, 1
19.1046, 2
19.1069, 3
19.1086, 3
19.1151, 4
19.1189, 3
19.1248, 4
19.1258, 4
19.1267, 3
19.1281, 2
19.1303, 3
19.1340, 3
19.1364, 4
19.1404, 4
19.1427, 5
19.1448, 6
19.1482, 7
19.1508, 8
19.1516, 9
19.1530, 5
19.1553, 4
19.1583, 5
19.1598, 4
19.1646, 5
19.1766, 4
19.1777, 5
19.1785, 5
19.1792, 5
19.1800, 4
19.1807, 4
19.1848, 4
19.1856, 0
19.1863, 0
19.1986, 0
19.2005, 0
19.2119, 0
19.2126, 0
19.2162, 1
19.2170, 2
19.2177, 2
19.2185, 3
19.2292, 3
19.2306, 4
19.2314, 4
19.2322, 4
19.2486, 4
19.2504, 5
19.2522, 5
19.2543, 4
19.2570, 0
19.2586, 1
19.2605, 2
19.2626, 3
19.2647, 4
19.2665, 5
19.2687, 6
19.2712, 6
19.2743, 6
19.2961, 6
19.2976, 4
19.2990, 3
19.3045, 2
19.3053, 2
19.3061, 2
19.3068, 1
19.3076, 1
19.3116, 0
19.3124, 0
19.3132, 0
19.3139, 0
19.3152, 0
19.3160, 0
19.3168, 0
19.3176, 0
19.3184, 0
19.3192, 0
19.3199, 0
19.3208, 0
19.3216, 0
19.3228, 0
19.3236, 0
19.3244, 0
19.3252, 0
19.3266, 0
19.3280, 0
19.3288, 0
19.3312, 0
19.3322, 0
19.3329, 0
19.3352, 0
19.3372, 0
19.3380, 0
19.3388, 0
19.3397, 0
19.3405, 0
19.3415, 0
19.3423, 0
19.3433, 0
19.3441, 0
19.3451, 0
19.3460, 0
19.3469, 0
19.3478, 0
19.3487, 0
19.3561, 0
19.3592, 0
19.3621, 0
19.3650, 0
19.3678, 1
19.3707, 2
19.3729, 1
19.3755, 0
19.3778, 0
19.3808, 0
19.3838, 0
19.3869, 0
19.3892, 0
19.3914, 0
19.3937, 0
19.3959, 0
19.3983, 0
19.4028, 0
19.4058, 0
19.4082, 0
19.4105, 0
19.4131, 0
19.4159, 0
19.4184, 0
19.4213, 1
19.4229, 0
19.4243, 0
19.4257, 1
19.4273, 2
19.4287, 3
19.4301, 0
19.4320, 0
19.4331, 0
19.4347, 0
19.4359, 0
19.4376, 0
19.4387, 0
19.4405, 0
19.4417, 0
19.4433, 0
19.4445, 1
19.4463, 1
19.4474, 1
19.4485, 2
19.4501, 1
19.4518, 1
19.4528, 0
19.4547, 0
19.4558, 0
19.4568, 0
19.4585, 0
19.4597, 1
19.4619, 2
19.4630, 1
19.4647, 2
19.4658, 0
19.4674, 0
19.4685, 0
19.4700, 0
19.4713, 0
19.4728, 0
19.4746, 0
19.4758, 0
19.4769, 0
19.4787, 0
19.4798, 0
19.4813, 0
19.4824, 0
19.4842, 0
19.4853, 0
19.4868, 0
19.4881, 0
19.4892, 0
19.4907, 0
19.4918, 0
19.4935, 0
19.4946, 0
19.4964, 0
19.4974, 0
19.4984, 0
19.5003, 0
19.5013, 0
19.5033, 0
19.5071, 0
19.5083, 1
19.5102, 1
19.5112, 2
19.5122, 2
19.5132, 3
19.5140, 3
19.5150, 3
19.5160, 4
19.5171, 5
19.5183, 3
19.5199, 3
19.5210, 4
19.5221, 4
19.5233, 5
19.5244, 5
19.5255, 6
19.5293, 6
19.5301, 6
19.5309, 7
19.5316, 7
19.5323, 8
19.5331, 8
19.5338, 9
19.5346, 9
19.5360, 9
19.5383, 10
19.5409, 10
19.5424, 8
19.5444, 8
19.5469, 8
19.5481, 9
19.5499, 9
19.5516, 5
19.5530, 6
19.5547, 6
19.5565, 0
19.5586, 0
19.5599, 0
19.5619, 0
19.5637, 0
19.5655, 0
19.5673, 0
19.5691, 1
19.5708, 2
19.5726, 3
19.5743, 4
19.5761, 5
19.6356, 6
19.6366, 7
19.6375, 8
19.6385, 9
19.6394, 0
19.6403, 0
19.6412, 1
19.6422, 2
19.6431, 3
19.6441, 4
19.6450, 5
19.6459, 6
19.6471, 7
19.6483, 8
19.6494, 9
19.6505, 10
19.6516, 11
19.6527, 12
19.6539, 13
19.6550, 2
19.6562, 2
19.6575, 3
19.6585, 4
19.6600, 5
19.6613, 6
19.6624, 7
19.6636, 8
19.6649, 9
19.6661, 10
19.6675, 11
19.6687, 12
19.6700, 13
19.6712, 14
19.6725, 15
19.6736, 16
19.6745, 17
19.6755, 16
19.6768, 15
19.6778, 14
19.6788, 12
19.6799, 11
19.6810, 10
19.6820, 8
19.6831, 8
19.6842, 6
19.6852, 4
19.6863, 3
19.6874, 1
19.6886, 1
19.6909, 1
19.6934, 1
19.6959, 0
19.6988, 0
19.7012, 0
19.7029, 0
19.7053, 0
19.7076, 0
19.7097, 0
19.7118, 0
19.7137, 0
19.7156, 0
19.7183, 0
19.7208, 0
19.7230, 0
19.7240, 0
19.7249, 0
19.7259, 0
19.7268, 0
19.7278, 0
19.7288, 0
19.7298, 0
19.7307, 0
19.7323, 0
19.7351, 0
19.7377, 0
19.7405, 0
19.7427, 0
19.7454, 0
19.7500, 0
19.7515, 0
19.7520, 0
19.7525, 0
19.7547, 0
19.7573, 0
19.7606, 0
19.7646, 0
19.7670, 0
19.7699, 0
19.7715, 0
19.7726, 0
19.7735, 0
19.7747, 0
19.7756, 0
19.7775, 0
19.7790, 0
19.7806, 0
19.7822, 0
19.7832, 0
19.7842, 0
19.7847, 0
19.7870, 0
19.7875, 0
19.7897, 0
19.7913, 0
19.7929, 0
19.7950, 0
19.7960, 1
19.7977, 1
19.7997, 2
19.8015, 2
19.8034, 3
19.8051, 4
19.8065, 4
19.8080, 5
19.8098, 5
19.8120, 4
19.8135, 4
19.8156, 4
19.8174, 3
19.8189, 3
19.8208, 3
19.8227, 3
19.8246, 1
19.8266, 1
19.8283, 1
19.8302, 1
19.8315, 1
19.8331, 1
19.8357, 0
19.8371, 0
19.8397, 0
19.8421, 0
19.8444, 0
19.8453, 0
19.8492, 0
19.8502, 0
19.8512, 0
19.8545, 0
19.8555, 0
19.8566, 0
19.8600, 0
19.8621, 0
19.8641, 0
19.8651, 0
19.8674, 0
19.8686, 0
19.8706, 0
19.8722, 0
19.8739, 0
19.8769, 0
19.8793, 0
19.8808, 0
19.8844, 0
19.8856, 0
19.8874, 0
19.8895, 0
19.8918, 0
19.8943, 0
19.8958, 0
19.8980, 0
19.9000, 0
19.9035, 0
19.9051, 0
19.9069, 0
19.9088, 0
19.9111, 0
19.9129, 0
19.9148, 0
19.9172, 0
19.9197, 0
19.9212, 0
19.9233, 0
19.9256, 0
19.9276, 0
19.9299, 0
19.9319, 0
19.9341, 0
19.9364, 0
19.9385, 0
19.9399, 0
19.9422, 0
19.9444, 0
19.9465, 0
19.9484, 0
19.9507, 0
19.9536, 0
19.9548, 0
19.9604, 0
19.9621, 0
19.9654, 0
19.9675, 0
19.9748, 0
19.9761, 0
19.9776, 0
19.9794, 0
19.9807, 0
19.9824, 0
19.9839, 0
19.9853, 0
19.9871, 0
19.9885, 0
19.9897, 0
19.9911, 0
19.9924, 0
19.9938, 0
19.9960, 0
19.9979, 0
19.9999, 0
20.0012, 0
20.0036, 0
20.0056, 0
20.0079, 0
20.0094, 0
20.0115, 1
20.0138, 1
20.0161, 1
20.0181, 2
20.0207, 0
20.0219, 0
20.0245, 0
20.0263, 0
20.0285, 0
20.0310, 0
20.0335, 0
20.0356, 0
20.0382, 0
20.0400, 0
20.0419, 0
20.0440, 0
20.0458, 0
20.0481, 0
20.0501, 0
20.0522, 0
20.0544, 0
20.0565, 1
20.0583, 2
20.0607, 3
20.0626, 1
20.0647, 2
20.0666, 0
20.0698, 1
20.0711, 1
20.0731, 1
20.0742, 1
20.0763, 1
20.0783, 1
20.0804, 0
20.0824, 0
20.0845, 0
20.0865, 0
20.0886, 0
20.0907, 0
20.0927, 0
20.0947, 0
20.0968, 0
20.0988, 0
20.1004, 0
20.1024, 0
20.1044, 0
20.1065, 0
20.1085, 0
20.1106, 0
20.1127, 0
20.1147, 0
20.1175, 0
20.1194, 0
20.1214, 0
20.1233, 0
20.1254, 0
20.1273, 0
20.1289, 0
20.1312, 0
20.1330, 0
20.1350, 0
20.1369, 0
20.1386, 0
20.1410, 0
20.1426, 1
20.1445, 2
20.1465, 3
20.1481, 4
20.1499, 0
20.1518, 0
20.1540, 1
20.1565, 2
20.1581, 3
20.1603, 4
20.1619, 5
20.1641, 5
20.1661, 6
20.1682, 7
20.1701, 8
20.1722, 1
20.1745, 2
20.1765, 3
20.1786, 4
20.1814, 5
20.1830, 5
20.1857, 6
20.1884, 7
20.1904, 8
20.1922, 8
20.1948, 9
20.1970, 9
20.1991, 7
20.2008, 5
20.2034, 3
20.2054, 4
20.2079, 3
20.2096, 3
20.2122, 2
20.2140, 0
20.2167, 0
20.2188, 0
20.2231, 0
20.2240, 0
20.2250, 0
20.2259, 0
20.2268, 0
20.2278, 0
20.2287, 0
20.2296, 0
20.2325, 0
20.2335, 0
20.2362, 0
20.2390, 0
20.2402, 0
20.2432, 0
20.2442, 0
20.2463, 0
20.2495, 0
20.2504, 0
20.2534, 0
20.2564, 0
20.2573, 0
20.2610, 0
20.2636, 0
20.2646, 1
20.2671, 2
20.2694, 0
20.2721, 0
20.2745, 0
20.2769, 0
20.2795, 0
20.2818, 0
20.2842, 0
20.2866, 0
20.2890, 0
20.2914, 0
20.2937, 0
20.2962, 0
20.2986, 0
20.3010, 0
20.3037, 0
20.3060, 0
20.3083, 0
20.3103, 0
20.3127, 0
20.3150, 0
20.3177, 0
20.3201, 0
20.3227, 0
20.3251, 0
20.3274, 0
20.3291, 0
20.3316, 0
20.3338, 0
20.3362, 0
20.3387, 0
20.3411, 0
20.3438, 0
20.3464, 0
20.3487, 0
20.3511, 0
20.3535, 0
20.3614, 0
20.3634, 0
20.3663, 0
20.3686, 0
20.3695, 0
20.3700, 1
20.3705, 1
20.3711, 1
20.3725, 1
20.3737, 2
20.3750, 2
20.3760, 2
20.3772, 3
20.3785, 3
20.3794, 4
20.3809, 4
20.3820, 4
20.3829, 5
20.3835, 5
20.3861, 6
20.3886, 6
20.3921, 6
20.3934, 6
20.3960, 7
20.3990, 7
20.4019, 7
20.4031, 7
20.4073, 7
20.4097, 8
20.4148, 8
20.4161, 8
20.4193, 8
20.4215, 9
20.4245, 7
20.4271, 8
20.4314, 8
20.4336, 9
20.4352, 9
20.4368, 10
20.4398, 10
20.4411, 11
20.4427, 11
20.4448, 12
20.4473, 12
20.4489, 13
20.4507, 13
20.4527, 14
20.4544, 14
20.4572, 14
20.4600, 15
20.4617, 15
20.4630, 16
20.4647, 16
20.4666, 16
20.4683, 17
20.4700, 17
20.4726, 18
20.4744, 18
20.4773, 19
20.4789, 19
20.4806, 19
20.4831, 20
20.4848, 20
20.4869, 21
20.4887, 21
20.4916, 20
20.4944, 21
20.4962, 22
20.4984, 19
20.5013, 19
20.5031, 19
20.5048, 19
20.5075, 19
20.5098, 19
20.5123, 19
20.5160, 20
20.5194, 20
20.5227, 20
20.5256, 19
20.5290, 19
20.5321, 18
20.5357, 17
20.5386, 18
20.5415, 18
20.5443, 15
20.5477, 15
20.5513, 15
20.5544, 16
20.5579, 17
20.5612, 17
20.5647, 18
20.5682, 18
20.5713, 19
20.5750, 19
20.5784, 20
20.5816, 21
20.5851, 21
20.5882, 22
20.5918, 22
20.5952, 23
20.5985, 23
20.6029, 24
20.6072, 24
20.6115, 24
20.6156, 25
20.6198, 25
20.6223, 26
20.6244, 26
20.6274, 26
20.6300, 26
20.6326, 27
20.6341, 27
20.6366, 27
20.6393, 27
20.6410, 28
20.6424, 28
20.6455, 29
20.6476, 29
20.6490, 30
20.6508, 29
20.6528, 30
20.6548, 30
20.6560, 31
20.6580, 31
20.6601, 30
20.6621, 27
20.6633, 26
20.6653, 25
20.6674, 24
20.6691, 22
20.6722, 21
20.6745, 20
20.6767, 20
20.6790, 19
20.6812, 17
20.6826, 16
20.6849, 15
20.6863, 14
20.6878, 13
20.6895, 12
20.6910, 10
20.6919, 9
20.6959, 8
20.6987, 5
20.7017, 4
20.7035, 5
20.7062, 2
20.7093, 1
20.7126, 1
20.7158, 1
20.7191, 0
20.7227, 0
20.7254, 0
20.7284, 0
20.7311, 0
20.7354, 0
20.7383, 0
20.7405, 0
20.7427, 0
20.7463, 0
20.7494, 0
20.7514, 0
20.7538, 0
20.7561, 0
20.7587, 0
20.7611, 0
20.7633, 1
20.7649, 2
20.7663, 0
20.7681, 0
20.7695, 0
20.7709, 1
20.7724, 0
20.7739, 0
20.7747, 0
20.7759, 0
20.7780, 1
20.7809, 2
20.7823, 0
20.7843, 0
20.7867, 0
20.7883, 0
20.8038, 0
20.8140, 0
20.8184, 0
20.8289, 0
20.8360, 0
20.8367, 0
20.8374, 0
20.8443, 0
20.8564, 0
20.8687, 0
20.8695, 0
20.8713, 0
20.8720, 0
20.8734, 0
20.8752, 0
20.8759, 0
20.8806, 0
20.8813, 0
20.8827, 0
20.8834, 0
20.8841, 0
20.8848, 0
20.8855, 0
20.8862, 0
20.8884, 0
20.8974, 0
20.9163, 0
20.9177, 0
20.9184, 0
20.9194, 0
20.9219, 0
20.9226, 0
20.9257, 0
20.9263, 0
20.9290, 0
20.9297, 0
20.9304, 0
20.9311, 0
20.9338, 0
20.9345, 0
20.9358, 0
20.9364, 0
20.9387, 0
20.9394, 0
20.9402, 0
20.9410, 0
20.9430, 0
20.9448, 0
20.9458, 0
20.9465, 0
20.9473, 0
20.9483, 0
20.9501, 0
20.9517, 1
20.9530, 2
20.9545, 3
20.9558, 4
20.9575, 4
20.9590, 5
20.9605, 6
20.9622, 6
20.9638, 7
20.9652, 7
20.9669, 8
20.9685, 9
20.9702, 8
20.9718, 9
20.9734, 10
20.9748, 11
20.9767, 15
20.9781, 16
20.9800, 17
20.9813, 16
20.9831, 11
20.9848, 4
20.9858, 4
20.9874, 4
20.9890, 4
20.9904, 2
20.9921, 2
20.9936, 1
20.9955, 1
20.9972, 0
20.9985, 0
21.0005, 0
21.0023, 0
21.0040, 0
21.0050, 0
21.0074, 0
21.0095, 0
21.0114, 0
21.0129, 0
21.0145, 0
21.0162, 0
21.0178, 0
21.0193, 0
21.0207, 0
21.0226, 0
21.0242, 0
21.0260, 0
21.0275, 0
21.0293, 1
21.0308, 1
21.0322, 2
21.0333, 2
21.0346, 3
21.0364, 4
21.0380, 4
21.0387, 4
21.0406, 5
21.0424, 4
21.0441, 5
21.0460, 5
21.0468, 5
21.0475, 5
21.0511, 4
21.0521, 4
21.0528, 4
21.0535, 4
21.0554, 2
21.0562, 2
21.0572, 3
21.0602, 2
21.0613, 3
21.0635, 3
21.0644, 2
21.0667, 2
21.0718, 2
21.0727, 1
21.0736, 1
21.0745, 0
21.0754, 1
21.0791, 0
21.0800, 0
21.0807, 1
21.0814, 2
21.0820, 2
21.0860, 3
21.0867, 4
21.0885, 5
21.0896, 5
21.0908, 4
21.0915, 4
21.0927, 3
21.0934, 3
21.0948, 0
21.0955, 1
21.0970, 1
21.0986, 1
21.0993, 1
21.1006, 1
21.1027, 1
21.1040, 0
21.1059, 0
21.1072, 0
21.1095, 0
21.1116, 0
21.1141, 0
21.1188, 0
21.1202, 0
21.1239, 1
21.1267, 2
21.1282, 0
21.1323, 0
21.1335, 1
21.1354, 0
21.1379, 0
21.1399, 0
21.1422, 1
21.1448, 1
21.1472, 1
21.1493, 1
21.1510, 1
21.1536, 1
21.1567, 2
21.1596, 2
21.1625, 2
21.1650, 2
21.1667, 2
21.1695, 2
21.1730, 2
21.1753, 2
21.1776, 2
21.1789, 1
21.1811, 2
21.1837, 2
21.1878, 2
21.1903, 3
21.1917, 3
21.1944, 3
21.1964, 4
21.1981, 3
21.1998, 3
21.2022, 3
21.2049, 3
21.2073, 4
21.2095, 4
21.2122, 5
21.2144, 5
21.2160, 5
21.2187, 5
21.2226, 6
21.2252, 6
21.2284, 7
21.2311, 7
21.2350, 8
21.2382, 8
21.2412, 9
21.2428, 9
21.2449, 10
21.2473, 10
21.2495, 11
21.2518, 11
21.2543, 12
21.2565, 11
21.2590, 11
21.2609, 11
21.2644, 11
21.2657, 9
21.2681, 10
21.2702, 8
21.2722, 7
21.2755, 7
21.2776, 6
21.2791, 5
21.2801, 5
21.2810, 5
21.2819, 4
21.2831, 3
21.2841, 3
21.2851, 3
21.2860, 0
21.2871, 0
21.2879, 1
21.2889, 0
21.2898, 0
21.2907, 0
21.2917, 0
21.2928, 0
21.2939, 0
21.2953, 0
21.2972, 0
21.2991, 0
21.3006, 0
21.3033, 0
21.3044, 1
21.3063, 1
21.3095, 1
21.3120, 1
21.3144, 1
21.3167, 1
21.3192, 1
21.3206, 1
21.3240, 2
21.3284, 1
21.3303, 2
21.3325, 2
21.3344, 2
21.3357, 3
21.3363, 2
21.3367, 1
21.3415, 0
21.3452, 0
21.3479, 0
21.3505, 0
21.3527, 0
21.3548, 0
21.3570, 0
21.3592, 0
21.3614, 0
21.3636, 0
21.3663, 0
21.3688, 0
21.3710, 0
21.3732, 0
21.3754, 0
21.3781, 0
21.3803, 0
21.3826, 0
21.3851, 0
21.3875, 0
21.3898, 0
21.3925, 0
21.3948, 0
21.3976, 0
21.3999, 0
21.4013, 0
21.4035, 0
21.4059, 0
21.4086, 0
21.4109, 0
21.4136, 0
21.4163, 0
21.4185, 0
21.4204, 0
21.4233, 0
21.4257, 0
21.4282, 0
21.4307, 0
21.4332, 0
21.4355, 0
21.4378, 0
21.4405, 0
21.4431, 0
21.4454, 0
21.4477, 0
21.4499, 0
21.4523, 0
21.4540, 0
21.4578, 0
21.4612, 0
21.4638, 0
21.4663, 0
21.4693, 0
21.4719, 0
21.4742, 0
21.4767, 0
21.4796, 0
21.4818, 0
21.4840, 0
21.4861, 0
21.4887, 0
21.4912, 0
21.4933, 0
21.4956, 0
21.4979, 0
21.5001, 0
21.5025, 1
21.5049, 2
21.5072, 2
21.5097, 3
21.5124, 3
21.5146, 3
21.5170, 2
21.5199, 3
21.5226, 2
21.5250, 0
21.5270, 1
21.5287, 0
21.5306, 0
21.5335, 0
21.5359, 0
21.5384, 0
21.5408, 0
21.5426, 0
21.5450, 0
21.5478, 0
21.5503, 0
21.5525, 0
21.5545, 0
21.5580, 0
21.5600, 0
21.5614, 0
21.5624, 0
21.5641, 0
21.5665, 0
21.5698, 0
21.5722, 0
21.5747, 0
21.5761, 0
21.5791, 0
21.5824, 0
21.5848, 0
21.5862, 0
21.5904, 0
21.5919, 0
21.5933, 0
21.5959, 0
21.5974, 0
21.5992, 0
21.6004, 0
21.6015, 0
21.6026, 0
21.6031, 0
21.6036, 0
21.6077, 0
21.6091, 0
21.6133, 0
21.6184, 0
21.6222, 0
21.6238, 0
21.6275, 0
21.6307, 0
21.6360, 0
21.6389, 0
21.6426, 0
21.6460, 0
21.6487, 0
21.6518, 0
21.6547, 0
21.6579, 0
21.6607, 0
21.6640, 0
21.6677, 0
21.6698, 0
21.6750, 0
21.6765, 0
21.6778, 0
21.6797, 0
21.6814, 0
21.6837, 0
21.6862, 0
21.6890, 0
21.6931, 0
21.6966, 0
21.7003, 0
21.7043, 0
21.7083, 0
21.7118, 0
21.7158, 0
21.7194, 0
21.7229, 0
21.7270, 0
21.7305, 0
21.7348, 0
21.7361, 0
21.7420, 0
21.7457, 0
21.7470, 0
21.7501, 0
21.7526, 0
21.7556, 0
21.7580, 0
21.7609, 0
21.7654, 0
21.7693, 0
21.7744, 0
21.7771, 0
21.7803, 0
21.7838, 0
21.7876, 0
21.7911, 0
21.7949, 0
21.7994, 0
21.8008, 0
21.8028, 0
21.8049, 0
21.8069, 0
21.8090, 0
21.8110, 0
21.8133, 0
21.8154, 0
21.8174, 0
21.8194, 0
21.8215, 0
21.8237, 0
21.8274, 0
21.8302, 0
21.8336, 0
21.8361, 0
21.8391, 0
21.8419, 0
21.8449, 0
21.8474, 0
21.8505, 0
21.8534, 0
21.8562, 0
21.8587, 0
21.8601, 0
21.8620, 0
21.8633, 0
21.8651, 0
21.8662, 0
21.8676, 0
21.8706, 0
21.8716, 0
21.8723, 0
21.8782, 0
21.8792, 0
21.8826, 0
21.8857, 0
21.8871, 0
21.8890, 0
21.8912, 0
21.8945, 0
21.8966, 0
21.8992, 0
21.9002, 0
21.9021, 0
21.9050, 0
21.9066, 0
21.9088, 0
21.9117, 0
21.9135, 0
21.9165, 0
21.9185, 0
21.9211, 0
21.9240, 0
21.9250, 0
21.9269, 0
21.9291, 0
21.9315, 0
21.9339, 0
21.9358, 0
21.9374, 0
21.9387, 0
21.9403, 0
21.9426, 0
21.9443, 0
21.9467, 0
21.9492, 0
21.9531, 0
21.9538, 0
21.9565, 0
21.9597, 0
21.9603, 0
21.9629, 0
21.9654, 0
21.9674, 0
21.9717, 0
21.9885, 0
21.9907, 0
21.9986, 0
21.9995, 0
22.0005, 0
22.0040, 0
22.0049, 0
22.0060, 0
22.0070, 0
22.0079, 0
22.0091, 0
22.0104, 0
22.0117, 0
22.0129, 0
22.0143, 0
22.0154, 0
22.0249, 0
22.0275, 0
22.0300, 0
22.0327, 0
22.0359, 0
22.0374, 0
22.0389, 0
22.0407, 0
22.0425, 0
22.0479, 0
22.0529, 0
22.0541, 0
22.0559, 0
22.0582, 0
22.0595, 0
22.0635, 0
22.0647, 0
22.0691, 0
22.0736, 0
22.0769, 0
22.0779, 0
22.0788, 0
22.0797, 0
22.0809, 0
22.0818, 0
22.0827, 0
22.0838, 0
22.0848, 0
22.0861, 0
22.0874, 0
22.0886, 0
22.0898, 0
22.0910, 0
22.0922, 0
22.0935, 0
22.0947, 0
22.0959, 0
22.0971, 0
22.0984, 0
22.0996, 0
22.1007, 0
22.1019, 0
22.1031, 0
22.1044, 0
22.1056, 0
22.1069, 0
22.1081, 0
22.1093, 0
22.1105, 0
22.1118, 0
22.1130, 0
22.1142, 0
22.1154, 0
22.1168, 0
22.1181, 0
22.1205, 0
22.1222, 0
22.1235, 0
22.1248, 0
22.1257, 0
22.1272, 0
22.1283, 0
22.1293, 0
22.1302, 0
22.1309, 0
22.1318, 1
22.1332, 2
22.1344, 2
22.1357, 2
22.1369, 2
22.1378, 2
22.1389, 2
22.1401, 2
22.1429, 2
22.1441, 2
22.1463, 2
22.1482, 3
22.1496, 3
22.1518, 3
22.1531, 3
22.1546, 3
22.1561, 4
22.1581, 4
22.1600, 4
22.1617, 4
22.1633, 5
22.1655, 5
22.1673, 5
22.1695, 5
22.1714, 6
22.1726, 6
22.1753, 7
22.1768, 2
22.1781, 2
22.1798, 1
22.1821, 0
22.1833, 0
22.1854, 0
22.1871, 0
22.1886, 0
22.1906, 0
22.1932, 0
22.1951, 0
22.1965, 0
22.1983, 0
22.1995, 0
22.2030, 0
22.2056, 0
22.2080, 0
22.2115, 0
22.2143, 0
22.2173, 0
22.2195, 0
22.2219, 0
22.2245, 0
22.2270, 0
22.2299, 0
22.2324, 0
22.2349, 0
22.2375, 0
22.2399, 0
22.2427, 0
22.2452, 0
22.2476, 0
22.2502, 0
22.2526, 0
22.2553, 0
22.2575, 0
22.2589, 0
22.2607, 0
22.2623, 0
22.2651, 0
22.2659, 0
22.2667, 0
22.2677, 0
22.2687, 0
22.2699, 0
22.2710, 0
22.2729, 0
22.2745, 0
22.2757, 0
22.2781, 0
22.2794, 0
22.2813, 0
22.2866, 0
22.2891, 0
22.2915, 0
22.2939, 0
22.2962, 0
22.2984, 0
22.3012, 0
22.3024, 0
22.3051, 0
22.3067, 0
22.3082, 0
22.3095, 0
22.3111, 0
22.3124, 0
22.3145, 0
22.3157, 0
22.3170, 0
22.3182, 0
22.3195, 0
22.3210, 0
22.3226, 0
22.3243, 0
22.3256, 0
22.3275, 0
22.3294, 0
22.3315, 0
22.3328, 0
22.3342, 0
22.3356, 0
22.3366, 0
22.3379, 0
22.3391, 0
22.3406, 0
22.3422, 0
22.3438, 0
22.3461, 0
22.3471, 0
22.3496, 0
22.3510, 0
22.3527, 0
22.3546, 0
22.3564, 0
22.3582, 0
22.3605, 0
22.3621, 0
22.3646, 0
22.3665, 0
22.3684, 0
22.3705, 1
22.3724, 1
22.3744, 2
22.3765, 2
22.3785, 2
22.3803, 3
22.3829, 3
22.3840, 3
22.3865, 3
22.4009, 2
22.4018, 3
22.4038, 2
22.4066, 2
22.4084, 2
22.4104, 0
22.4123, 0
22.4135, 0
22.4155, 0
22.4172, 0
22.4190, 0
22.4200, 0
22.4209, 0
22.4217, 1
22.4226, 2
22.4235, 2
22.4266, 2
22.4290, 1
22.4313, 1
22.4330, 2
22.4350, 2
22.4388, 1
22.4403, 1
22.4420, 1
22.4437, 0
22.4456, 1
22.4473, 2
22.4501, 2
22.4526, 3
22.4547, 4
22.4569, 4
22.4592, 4
22.4616, 4
22.4633, 4
22.4653, 3
22.4675, 2
22.4696, 2
22.4716, 2
22.4735, 2
22.4752, 2
22.4776, 2
22.4795, 2
22.4813, 2
22.4827, 1
22.4845, 1
22.4862, 0
22.4879, 0
22.4893, 0
22.4910, 0
22.4922, 0
22.4941, 0
22.4958, 0
22.4977, 0
22.4995, 0
22.5011, 0
22.5025, 0
22.5044, 0
22.5063, 0
22.5082, 0
22.5097, 0
22.5114, 0
22.5132, 0
22.5152, 0
22.5169, 0
22.5186, 0
22.5200, 0
22.5214, 0
22.5231, 0
22.5252, 0
22.5269, 0
22.5282, 0
22.5308, 0
22.5320, 0
22.5332, 0
22.5350, 0
22.5369, 0
22.5387, 0
22.5415, 0
22.5431, 0
22.5447, 0
22.5463, 0
22.5480, 1
22.5500, 0
22.5519, 1
22.5546, 1
22.5571, 0
22.5597, 1
22.5622, 1
22.5645, 1
22.5673, 1
22.5697, 2
22.5721, 2
22.5746, 2
22.5771, 2
22.5780, 2
22.5790, 2
22.5799, 3
22.5813, 3
22.5824, 4
22.5834, 4
22.5851, 4
22.5871, 4
22.5891, 5
22.5910, 5
22.5934, 5
22.5951, 5
22.5967, 3
22.5989, 1
22.6000, 0
22.6017, 0
22.6037, 0
22.6055, 0
22.6073, 0
22.6091, 0
22.6109, 0
22.6129, 0
22.6148, 0
22.6168, 0
22.6190, 0
22.6210, 0
22.6230, 0
22.6250, 0
22.6271, 0
22.6290, 0
22.6306, 0
22.6326, 0
22.6344, 0
22.6374, 0
22.6382, 0
22.6421, 0
22.6429, 0
22.6462, 0
22.6473, 0
22.6492, 0
22.6509, 0
22.6529, 0
22.6547, 0
22.6566, 0
22.6584, 0
22.6599, 0
22.6639, 0
22.6647, 0
22.6686, 0
22.6694, 0
22.6732, 0
22.6738, 1
22.6761, 2
22.6778, 2
22.6806, 3
22.6824, 4
22.6879, 4
22.6888, 5
22.6897, 6
22.6939, 6
22.6966, 7
22.7028, 7
22.7047, 8
22.7072, 9
22.7104, 9
22.7122, 10
22.7143, 10
22.7156, 11
22.7164, 11
22.7173, 11
22.7181, 12
22.7199, 13
22.7233, 13
22.7255, 14
22.7277, 15
22.7297, 15
22.7319, 15
22.7342, 16
22.7367, 16
22.7383, 17
22.7411, 17
22.7432, 18
22.7453, 18
22.7475, 19
22.7498, 19
22.7514, 20
22.7535, 21
22.7570, 22
22.7585, 23
22.7606, 24
22.7628, 25
22.7650, 25
22.7672, 25
22.7697, 26
22.7726, 26
22.7767, 26
22.7785, 26
22.7821, 26
22.7844, 26
22.7889, 25
22.7906, 24
22.7947, 23
22.7958, 22
22.8002, 22
22.8035, 21
22.8068, 21
22.8101, 22
22.8125, 22
22.8152, 22
22.8168, 21
22.8184, 19
22.8206, 18
22.8215, 17
22.8234, 15
22.8255, 15
22.8276, 14
22.8297, 12
22.8319, 12
22.8340, 12
22.8355, 12
22.8374, 12
22.8394, 13
22.8415, 12
22.8435, 12
22.8458, 13
22.8476, 14
22.8497, 14
22.8529, 14
22.8547, 15
22.8565, 15
22.8582, 15
22.8616, 16
22.8627, 16
22.8650, 16
22.8672, 17
22.8695, 18
22.8723, 18
22.8739, 19
22.8771, 19
22.8791, 20
22.8829, 20
22.8837, 21
22.8857, 22
22.8877, 21
22.8901, 22
22.8923, 22
22.8944, 22
22.8965, 22
22.8986, 23
22.9008, 23
22.9030, 24
22.9054, 24
22.9077, 24
22.9098, 25
22.9120, 25
22.9143, 25
22.9174, 24
22.9196, 25
22.9215, 26
22.9236, 26
22.9258, 27
22.9280, 27
22.9302, 28
22.9323, 28
22.9344, 28
22.9366, 29
22.9387, 29
22.9411, 30
22.9437, 30
22.9459, 30
22.9481, 31
22.9504, 31
22.9525, 30
22.9546, 31
22.9573, 31
22.9596, 32
22.9621, 32
22.9643, 32
22.9664, 33
22.9690, 33
22.9715, 34
22.9738, 34
22.9760, 35
22.9782, 35
22.9807, 35
22.9829, 36
22.9850, 36
22.9872, 37
22.9894, 37
22.9916, 38
22.9942, 38
22.9967, 39
22.9991, 39
23.0013, 40
23.0038, 40
23.0060, 41
23.0087, 40
23.0110, 40
23.0136, 41
23.0158, 41
23.0184, 41
23.0209, 42
23.0234, 43
23.0259, 43
23.0281, 44
23.0303, 43
23.0325, 44
23.0348, 44
23.0371, 44
23.0393, 45
23.0414, 45
23.0435, 45
23.0457, 44
23.0481, 43
23.0502, 42
23.0526, 42
23.0549, 41
23.0564, 41
23.0588, 40
23.0614, 41
23.0635, 41
23.0659, 41
23.0685, 41
23.0706, 42
23.0724, 41
23.0744, 42
23.0762, 43
23.0788, 44
23.0811, 45
23.0830, 44
23.0851, 43
23.0887, 44
23.0896, 43
23.0944, 44
23.0992, 44
23.1005, 45
23.1038, 44
23.1053, 44
23.1085, 45
23.1106, 44
23.1130, 45
23.1142, 45
23.1164, 45
23.1190, 45
23.1232, 45
23.1258, 46
23.1287, 47
23.1310, 48
23.1332, 48
23.1356, 49
23.1380, 48
23.1416, 44
23.1440, 43
23.1468, 42
23.1494, 41
23.1519, 40
23.1555, 39
23.1577, 38
23.1598, 37
23.1628, 36
23.1651, 35
23.1676, 34
23.1703, 33
23.1727, 32
23.1756, 31
23.1781, 30
23.1803, 29
23.1825, 27
23.1850, 26
23.1884, 23
23.1904, 17
23.1925, 16
23.1948, 15
23.1972, 14
23.1996, 13
23.2023, 12
23.2052, 11
23.2077, 9
23.2101, 8
23.2121, 7
23.2141, 6
23.2163, 5
23.2184, 4
23.2205, 3
23.2230, 3
23.2243, 1
23.2260, 0
23.2285, 0
23.2294, 0
23.2300, 0
23.2305, 0
23.2313, 0
23.2324, 0
23.2334, 0
23.2345, 0
23.2357, 0
23.2366, 1
23.2380, 1
23.2391, 1
23.2403, 0
23.2422, 1
23.2443, 0
23.2450, 0
23.2473, 0
23.2481, 0
23.2503, 0
23.2517, 0
23.2528, 0
23.2546, 0
23.2562, 1
23.2578, 1
23.2589, 2
23.2615, 2
23.2625, 2
23.2655, 2
23.2669, 3
23.2691, 3
23.2711, 3
23.2732, 4
23.2752, 4
23.2773, 4
23.2797, 4
23.2816, 4
23.2836, 4
23.2853, 5
23.2877, 5
23.2895, 4
23.2916, 1
23.2937, 0
23.2959, 0
23.2979, 0
23.2996, 0
23.3023, 0
23.3038, 0
23.3052, 0
23.3085, 0
23.3095, 0
23.3110, 0
23.3134, 0
23.3156, 0
23.3181, 0
23.3191, 0
23.3216, 0
23.3226, 0
23.3297, 0
23.3307, 0
23.3315, 0
23.3332, 0
23.3349, 0
23.3360, 0
23.3398, 0
23.3427, 0
23.3437, 0
23.3455, 0
23.3479, 0
23.3499, 0
23.3511, 0
23.3535, 1
23.3583, 0
23.3593, 0
23.3617, 0
23.3627, 0
23.3655, 0
23.3676, 0
23.3698, 0
23.3731, 0
23.3767, 0
23.3776, 0
23.3796, 0
23.3928, 0
23.3942, 0
23.3952, 0
23.3963, 0
23.3972, 0
23.3985, 0
23.3997, 0
23.4007, 0
23.4018, 0
23.4039, 0
23.4054, 0
23.4232, 0
23.4241, 0
23.4278, 0
23.4287, 0
23.4297, 0
23.4307, 0
23.4318, 0
23.4331, 0
23.4360, 0
23.4389, 0
23.4400, 0
23.4414, 0
23.4426, 0
23.4445, 0
23.4464, 0
23.4480, 0
23.4495, 0
23.4512, 0
23.4529, 0
23.4543, 1
23.4560, 0
23.4576, 0
23.4592, 0
23.4608, 0
23.4616, 0
23.4627, 0
23.4724, 1
23.4738, 1
23.4745, 2
23.4758, 2
23.4852, 2
23.4863, 3
23.4872, 3
23.4895, 4
23.4920, 4
23.4931, 4
23.4936, 4
23.4956, 5
23.4967, 5
23.4982, 4
23.4991, 4
23.5004, 4
23.5024, 4
23.5047, 1
23.5072, 2
23.5098, 3
23.5115, 4
23.5128, 5
23.5142, 5
23.5160, 6
23.5172, 5
23.5186, 3
23.5216, 2
23.5229, 1
23.5247, 2
23.5259, 2
23.5295, 2
23.5331, 3
23.5341, 4
23.5357, 2
23.5368, 3
23.5413, 4
23.5426, 5
23.5486, 6
23.5500, 6
23.5522, 5
23.5530, 5
23.5552, 5
23.5565, 6
23.5584, 6
23.5606, 7
23.5647, 6
23.5660, 7
23.5670, 7
23.5732, 8
23.5757, 8
23.5801, 8
23.5850, 9
23.5869, 9
23.5898, 9
23.6044, 9
23.6060, 9
23.6088, 8
23.6114, 8
23.6132, 7
23.6159, 8
23.6176, 8
23.6209, 9
23.6226, 10
23.6273, 10
23.6281, 10
23.6299, 10
23.6451, 11
23.6458, 10
23.6482, 10
23.6625, 10
23.6686, 11
23.6719, 11
23.6732, 11
23.6741, 10
23.6757, 8
23.6839, 5
23.6855, 4
23.6883, 5
23.6916, 0
23.6926, 0
23.6958, 0
23.6982, 0
23.6993, 0
23.7025, 0
23.7034, 0
23.7048, 0
23.7058, 0
23.7067, 0
23.7076, 0
23.7085, 0
23.7094, 0
23.7104, 0
23.7113, 0
23.7121, 0
23.7130, 0
23.7141, 0
23.7150, 0
23.7159, 0
23.7168, 0
23.7178, 0
23.7187, 0
23.7201, 0
23.7214, 0
23.7233, 0
23.7242, 0
23.7250, 0
23.7256, 0
23.7260, 0
23.7265, 0
23.7275, 0
23.7290, 0
23.7314, 0
23.7332, 0
23.7346, 0
23.7374, 0
23.7383, 0
23.7392, 0
23.7403, 0
23.7416, 0
23.7430, 0
23.7447, 0
23.7466, 0
23.7491, 0
23.7511, 0
23.7520, 0
23.7530, 0
23.7541, 0
23.7569, 0
23.7579, 0
23.7592, 0
23.7601, 0
23.7613, 1
23.7638, 1
23.7647, 1
23.7659, 0
23.7666, 0
23.7682, 0
23.7857, 0
23.7869, 0
23.7883, 0
23.7900, 0
23.7917, 0
23.7926, 0
23.7947, 0
23.7974, 0
23.7996, 0
23.8013, 0
23.8027, 0
23.8043, 0
23.8067, 0
23.8076, 1
23.8144, 0
23.8157, 0
23.8170, 0
23.8188, 1
23.8217, 2
23.8236, 1
23.8240, 0
23.8245, 0
23.8277, 0
23.8282, 0
23.8286, 0
23.8303, 0
23.8312, 0
23.8368, 0
23.8402, 0
23.8411, 0
23.8420, 0
23.8429, 0
23.8438, 0
23.8447, 0
23.8456, 0
23.8465, 0
23.8475, 0
23.8484, 0
23.8497, 0
23.8507, 0
23.8517, 0
23.8527, 0
23.8536, 0
23.8545, 0
23.8556, 0
23.8566, 0
23.8575, 0
23.8585, 0
23.8595, 0
23.8605, 0
23.8615, 0
23.8624, 0
23.8634, 0
23.8642, 0
23.8652, 0
23.8660, 0
23.8669, 0
23.8678, 0
23.8692, 0
23.8709, 0
23.8722, 0
23.8738, 0
23.8753, 0
23.8765, 0
23.8784, 0
23.8795, 0
23.8809, 0
23.8827, 0
23.8839, 0
23.8853, 0
23.8866, 0
23.8881, 0
23.8898, 0
23.8910, 0
23.8925, 0
23.8939, 0
23.8951, 0
23.8967, 0
23.8979, 0
23.8993, 0
23.9005, 0
23.9020, 0
23.9033, 0
23.9047, 0
23.9060, 0
23.9069, 1
23.9088, 0
23.9109, 0
23.9125, 1
23.9146, 0
23.9163, 0
23.9202, 0
23.9216, 0
23.9227, 0
23.9258, 0
23.9277, 0
23.9301, 0
23.9312, 0
23.9342, 0
23.9361, 0
23.9393, 0
23.9419, 0
23.9439, 0
23.9457, 0
23.9492, 0
23.9506, 0
23.9532, 0
23.9557, 0
23.9581, 0
23.9600, 0
23.9615, 0
23.9625, 0
23.9637, 0
23.9645, 0
23.9681, 0
23.9706, 0
23.9715, 0
23.9742, 0
23.9769, 0
23.9843, 0
23.9851, 0
23.9981, 0
23.9997, 0
24.0010, 0
24.0027, 0
24.0044, 0
24.0060, 0
24.0076, 0
24.0130, 0
24.0150, 0
24.0173, 0
24.0182, 0
24.0195, 0
24.0225, 0
24.0244, 0
24.0257, 0
24.0267, 0
24.0276, 0
24.0284, 0
24.0292, 0
24.0301, 0
24.0310, 0
24.0319, 0
24.0328, 0
24.0337, 0
24.0346, 0
24.0355, 0
24.0364, 0
24.0410, 0
24.0448, 0
24.0469, 0
24.0487, 0
24.0507, 0
24.0526, 0
24.0536, 0
24.0553, 0
24.0565, 0
24.0580, 0
24.0594, 0
24.0605, 0
24.0628, 0
24.0644, 0
24.0663, 0
24.0682, 0
24.0703, 0
24.0724, 0
24.0746, 0
24.0782, 0
24.0801, 0
24.0820, 0
24.0840, 0
24.0860, 0
24.0880, 0
24.0900, 0
24.0921, 0
24.0941, 0
24.0961, 0
24.0981, 0
24.1003, 0
24.1024, 0
24.1046, 0
24.1071, 0
24.1093, 0
24.1113, 0
24.1133, 0
24.1152, 0
24.1167, 0
24.1184, 0
24.1198, 0
24.1214, 0
24.1231, 0
24.1256, 0
24.1270, 0
24.1285, 0
24.1307, 0
24.1337, 0
24.1352, 0
24.1367, 0
24.1399, 0
24.1419, 0
24.1452, 0
24.1466, 0
24.1483, 0
24.1514, 0
24.1527, 0
24.1555, 0
24.1570, 0
24.1585, 0
24.1615, 0
24.1645, 0
24.1689, 1
24.1731, 1
24.1752, 1
24.1800, 1
24.1807, 2
24.1814, 3
24.1833, 1
24.1842, 1
24.1851, 0
24.1866, 0
24.1875, 0
24.1894, 1
24.1903, 0
24.1928, 0
24.2017, 0
24.2048, 0
24.2080, 0
24.2089, 0
24.2099, 0
24.2204, 0
24.2256, 0
24.2278, 0
24.2307, 0
24.2336, 0
24.2363, 0
24.2381, 0
24.2410, 0
24.2421, 0
24.2432, 0
24.2440, 0
24.2458, 0
24.2502, 0
24.2529, 0
24.2543, 0
24.2569, 0
24.2578, 0
24.2592, 0
24.2602, 0
24.2612, 0
24.2640, 0
24.2648, 0
24.2666, 0
24.2683, 0
24.2780, 0
24.2821, 0
24.2834, 0
24.2843, 0
24.2868, 0
24.2881, 0
24.2890, 0
24.2907, 0
24.2934, 0
24.3174, 0
24.3196, 0
24.3205, 0
24.3228, 0
24.3261, 0
24.3280, 0
24.3296, 0
24.3310, 0
24.3340, 0
24.3352, 0
24.3413, 0
24.3429, 0
24.3489, 0
24.3529, 0
24.3596, 0
24.3603, 0
24.3610, 0
24.3616, 0
24.3623, 0
24.3630, 0
24.3637, 0
24.3643, 0
24.3650, 0
24.3657, 0
24.3664, 0
24.3671, 0
24.3677, 0
24.3684, 0
24.3691, 0
24.3698, 0
24.3704, 1
24.3712, 1
24.3719, 0
24.3783, 0
24.3813, 0
24.3822, 0
24.3840, 0
24.3851, 0
24.3860, 0
24.3869, 0
24.3878, 0
24.3888, 0
24.3897, 0
24.3906, 0
24.3915, 0
24.3929, 0
24.3948, 0
24.4015, 0
24.4024, 0
24.4041, 0
24.4060, 0
24.4083, 0
24.4094, 1
24.4107, 0
24.4122, 0
24.4138, 1
24.4156, 1
24.4179, 0
24.4186, 1
24.4193, 0
24.4199, 1
24.4206, 1
24.4213, 2
24.4222, 2
24.4374, 2
24.4394, 3
24.4414, 2
24.4440, 2
24.4481, 1
24.4500, 1
24.4520, 0
24.4593, 0
24.4614, 0
24.4642, 0
24.4657, 0
24.4674, 0
24.4697, 0
24.4713, 0
24.4728, 0
24.4740, 0
24.4749, 0
24.4773, 0
24.4853, 0
24.4869, 0
24.4886, 0
24.4930, 0
24.4939, 0
24.4958, 0
24.4975, 0
24.5003, 0
24.5032, 0
24.5044, 0
24.5057, 0
24.5065, 0
24.5092, 0
24.5125, 0
24.5146, 0
24.5160, 0
24.5178, 0
24.5248, 0
24.5327, 0
24.5337, 0
24.5348, 0
24.5406, 0
24.5428, 0
24.5443, 0
24.5462, 0
24.5483, 0
24.5501, 0
24.5524, 0
24.5532, 0
24.5567, 0
24.5601, 0
24.5620, 0
24.5661, 0
24.5681, 0
24.5785, 0
24.5799, 0
24.5807, 0
24.5815, 0
24.5824, 0
24.5834, 0
24.5934, 0
24.5961, 0
24.5973, 0
24.6006, 0
24.6016, 0
24.6045, 0
24.6054, 0
24.6078, 0
24.6111, 0
24.6124, 0
24.6133, 0
24.6163, 0
24.6172, 0
24.6185, 0
24.6203, 0
24.6224, 1
24.6242, 0
24.6271, 0
24.6291, 0
24.6300, 0
24.6337, 0
24.6369, 0
24.6385, 0
24.6405, 0
24.6421, 0
24.6432, 0
24.6446, 0
24.6462, 0
24.6476, 0
24.6498, 0
24.6518, 0
24.6539, 0
24.6558, 0
24.6573, 0
24.6592, 0
24.6601, 0
24.6618, 0
24.6634, 0
24.6651, 0
24.6668, 0
24.6685, 0
24.6699, 0
24.6713, 0
24.6728, 0
24.6757, 0
24.6771, 0
24.6787, 0
24.6803, 0
24.6820, 0
24.6836, 0
24.6852, 0
24.6866, 0
24.6881, 0
24.6904, 0
24.6915, 0
24.6929, 0
24.6946, 0
24.6961, 0
24.6977, 0
24.6987, 0
24.7004, 0
24.7021, 0
24.7035, 0
24.7052, 0
24.7068, 0
24.7098, 0
24.7105, 1
24.7112, 0
24.7129, 0
24.7151, 0
24.7158, 0
24.7168, 0
24.7185, 0
24.7202, 0
24.7214, 0
24.7230, 0
24.7254, 0
24.7264, 0
24.7281, 0
24.7290, 0
24.7306, 0
24.7319, 0
24.7336, 0
24.7354, 0
24.7365, 0
24.7383, 0
24.7407, 0
24.7420, 0
24.7435, 0
24.7453, 0
24.7468, 0
24.7486, 0
24.7497, 0
24.7515, 0
24.7536, 0
24.7555, 0
24.7570, 0
24.7588, 0
24.7608, 0
24.7628, 0
24.7641, 0
24.7662, 0
24.7686, 0
24.7712, 0
24.7730, 0
24.7737, 0
24.7744, 0
24.7812, 0
24.7827, 0
24.7847, 0
24.7865, 0
24.7874, 0
24.7891, 0
24.7909, 0
24.7922, 0
24.7939, 0
24.7963, 0
24.7975, 0
24.7988, 0
24.8006, 0
24.8022, 0
24.8042, 0
24.8058, 0
24.8072, 0
24.8088, 0
24.8107, 0
24.8124, 0
24.8136, 0
24.8162, 0
24.8176, 0
24.8192, 0
24.8211, 0
24.8227, 0
24.8240, 0
24.8256, 0
24.8274, 0
24.8286, 0
24.8311, 0
24.8323, 0
24.8362, 0
24.8381, 0
24.8392, 0
24.8402, 0
24.8411, 0
24.8422, 1
24.8440, 0
24.8453, 0
24.8463, 0
24.8475, 0
24.8508, 0
24.8529, 0
24.8556, 0
24.8584, 0
24.8593, 0
24.8601, 0
24.8619, 0
24.8641, 0
24.8662, 0
24.8678, 0
24.8688, 0
24.8699, 0
24.8716, 0
24.8740, 0
24.8753, 0
24.8770, 0
24.8782, 0
24.8789, 0
24.8810, 0
24.8850, 0
24.8864, 0
24.8877, 0
24.8884, 0
24.8900, 0
24.8918, 0
24.8939, 0
24.8948, 0
24.8962, 0
24.8980, 0
24.8987, 0
24.9010, 0
24.9028, 0
24.9044, 0
24.9063, 0
24.9077, 0
24.9095, 0
24.9112, 0
24.9134, 0
24.9154, 0
24.9161, 0
24.9180, 0
24.9200, 0
24.9220, 0
24.9239, 0
24.9252, 0
24.9271, 0
24.9288, 0
24.9297, 0
24.9310, 0
24.9323, 0
24.9332, 0
24.9341, 0
24.9350, 0
24.9360, 0
24.9374, 0
24.9384, 0
24.9393, 0
24.9410, 0
24.9422, 0
24.9439, 0
24.9452, 0
24.9473, 0
24.9485, 0
24.9501, 0
24.9516, 0
24.9529, 0
24.9543, 0
24.9555, 0
24.9570, 0
24.9582, 0
24.9597, 0
24.9612, 0
24.9625, 0
24.9640, 0
24.9651, 0
24.9660, 0
24.9715, 0
24.9737, 0
24.9753, 0
24.9767, 0
24.9777, 0
24.9785, 0
24.9923, 0
24.9957, 0
24.9977, 0
25.0017, 0
25.0035, 0
25.0045, 0
25.0060, 0
25.0093, 0
25.0102, 0
25.0119, 0
25.0137, 0
25.0152, 0
25.0176, 0
25.0186, 0
25.0202, 0
25.0251, 0
25.0272, 0
25.0286, 0
25.0306, 0
25.0328, 0
25.0348, 0
25.0361, 0
25.0370, 0
25.0410, 0
25.0435, 0
25.0446, 0
25.0457, 1
25.0489, 0
25.0501, 0
25.0521, 0
25.0536, 0
25.0549, 1
25.0562, 1
25.0578, 2
25.0594, 2
25.0613, 2
25.0626, 3
25.0639, 3
25.0654, 4
25.0665, 3
25.0677, 4
25.0692, 4
25.0705, 5
25.0716, 5
25.0730, 5
25.0743, 6
25.0753, 6
25.0770, 7
25.0782, 7
25.0793, 7
25.0808, 8
25.0824, 8
25.0836, 9
25.0850, 9
25.0866, 9
25.0881, 10
25.0897, 10
25.0911, 11
25.0923, 12
25.0931, 13
25.0938, 14
25.0945, 15
25.0952, 15
