4.1740, 34
4.1790, 35
4.1848, 36
4.1895, 37
4.1942, 37
4.2003, 38
4.2059, 39
4.2124, 40
4.2171, 40
4.2219, 41
4.2285, 41
4.2339, 42
4.2387, 35
4.2445, 36
4.2476, 36
4.2501, 37
4.2540, 38
4.2571, 38
4.2603, 39
4.2634, 40
4.2667, 40
4.2705, 41
4.2730, 42
4.2769, 43
4.2802, 45
4.2833, 46
4.2863, 47
4.2899, 49
4.2930, 49
4.2960, 51
4.2991, 52
4.3021, 53
4.3059, 55
4.3104, 56
4.3136, 57
4.3176, 59
4.3207, 61
4.3249, 62
4.3277, 63
4.3322, 63
4.3341, 62
4.3371, 63
4.3398, 62
4.3424, 62
4.3460, 63
4.3498, 63
4.3521, 63
4.3560, 63
4.3602, 63
4.3626, 62
4.3662, 61
4.3696, 60
4.3723, 60
4.3749, 61
4.3796, 61
4.3821, 60
4.3841, 59
4.3865, 61
4.3889, 60
4.3914, 59
4.3938, 59
4.3970, 59
4.4000, 60
4.4030, 61
4.4060, 61
4.4091, 61
4.4123, 62
4.4152, 62
4.4183, 63
4.4219, 63
4.4243, 60
4.4274, 58
4.4305, 55
4.4335, 55
4.4365, 55
4.4395, 53
4.4426, 53
4.4457, 51
4.4488, 51
4.4518, 33
4.4549, 33
4.4580, 34
4.4611, 35
4.4641, 35
4.4672, 35
4.4702, 35
4.4734, 36
4.4764, 36
4.4795, 37
4.4826, 37
4.4856, 35
4.4887, 34
4.4919, 33
4.4949, 31
4.4980, 30
4.5010, 29
4.5040, 27
4.5072, 26
4.5101, 25
4.5132, 23
4.5162, 21
4.5183, 20
4.5214, 20
4.5257, 19
4.5310, 21
4.5350, 22
4.5385, 23
4.5420, 24
4.5493, 29
4.5512, 30
4.5536, 31
4.5569, 32
4.5607, 34
4.5646, 21
4.5686, 24
4.5714, 26
4.5736, 27
4.5792, 30
4.5822, 31
4.5858, 33
4.5882, 35
4.5911, 37
4.5940, 39
4.5970, 41
4.5998, 43
4.6027, 44
4.6056, 45
4.6085, 47
4.6114, 47
4.6144, 48
4.6171, 50
4.6200, 51
4.6229, 52
4.6260, 54
4.6290, 55
4.6320, 57
4.6350, 58
4.6380, 60
4.6410, 61
4.6440, 63
4.6471, 62
4.6502, 62
4.6532, 63
4.6553, 63
4.6574, 63
4.6594, 63
4.6616, 63
4.6638, 63
4.6659, 63
4.6681, 63
4.6708, 63
4.6730, 62
4.6756, 63
4.6777, 62
4.6809, 62
4.6832, 63
4.6851, 61
4.6897, 59
4.6926, 57
4.6953, 55
4.6966, 54
4.6994, 52
4.7024, 51
4.7052, 49
4.7078, 47
4.7105, 46
4.7139, 44
4.7179, 41
4.7218, 39
4.7257, 38
4.7297, 36
4.7336, 34
4.7376, 31
4.7415, 30
4.7452, 29
4.7492, 27
4.7531, 25
4.7571, 23
4.7611, 23
4.7651, 20
4.7691, 19
4.7731, 17
4.7778, 14
4.7818, 12
4.7857, 11
4.7900, 9
4.7941, 7
4.7974, 6
4.8015, 4
4.8064, 2
4.8105, 1
4.8139, 0
4.8181, 0
4.8214, 0
4.8263, 0
4.8296, 0
4.8337, 0
4.8386, 2
4.8427, 4
4.8468, 5
4.8497, 5
4.8515, 6
4.8556, 8
4.8589, 9
4.8630, 10
4.8672, 11
4.8704, 12
4.8746, 14
4.8787, 15
4.8821, 15
4.8879, 18
4.8912, 19
4.8961, 21
4.8995, 22
4.9045, 24
4.9078, 25
4.9120, 25
4.9163, 27
4.9186, 28
4.9222, 29
4.9246, 31
4.9285, 32
4.9322, 34
4.9356, 35
4.9392, 36
4.9422, 38
4.9448, 39
4.9466, 37
4.9496, 34
4.9515, 33
4.9545, 29
4.9574, 26
4.9603, 25
4.9623, 24
4.9662, 22
4.9682, 21
4.9703, 20
4.9749, 16
4.9770, 16
4.9816, 13
4.9836, 11
4.9875, 9
4.9899, 7
4.9921, 6
4.9942, 3
4.9965, 1
4.9989, 0
5.0016, 1
5.0040, 1
5.0063, 1
5.0091, 2
5.0110, 1
5.0131, 1
5.0184, 2
5.0188, 2
5.0214, 3
5.0276, 3
5.0311, 3
5.0330, 3
5.0356, 2
5.0386, 2
5.0413, 3
5.0440, 3
5.0485, 3
5.0521, 3
5.0544, 3
5.0561, 4
5.0609, 3
5.0646, 3
5.0685, 3
5.0714, 3
5.0752, 3
5.0791, 3
5.0825, 1
5.0865, 1
5.0899, 0
5.0938, 0
5.0974, 0
5.1005, 0
5.1041, 0
5.1072, 0
5.1125, 0
5.1150, 0
5.1158, 0
5.1202, 0
5.1252, 0
5.1286, 0
5.1320, 0
5.1355, 0
5.1387, 0
5.1423, 0
5.1453, 0
5.1489, 0
5.1523, 0
5.1564, 0
5.1597, 0
5.1629, 0
5.1661, 0
5.1698, 0
5.1731, 0
5.1766, 1
5.1801, 0
5.1835, 1
5.1871, 1
5.1906, 3
5.1937, 5
5.1972, 0
5.2011, 1
5.2046, 2
5.2078, 0
5.2113, 2
5.2146, 3
5.2179, 5
5.2214, 7
5.2250, 5
5.2283, 7
5.2316, 9
5.2338, 3
5.2355, 5
5.2380, 6
5.2406, 7
5.2434, 7
5.2474, 9
5.2522, 8
5.2562, 9
5.2595, 9
5.2630, 10
5.2682, 12
5.2709, 14
5.2749, 16
5.2784, 17
5.2820, 19
5.2856, 21
5.2895, 22
5.2935, 24
5.2977, 25
5.3017, 27
5.3055, 29
5.3100, 31
5.3138, 34
5.3176, 35
5.3210, 15
5.3244, 17
5.3278, 18
5.3326, 19
5.3376, 21
5.3411, 23
5.3446, 25
5.3482, 27
5.3518, 29
5.3552, 31
5.3591, 33
5.3620, 34
5.3662, 36
5.3693, 38
5.3722, 40
5.3750, 42
5.3786, 40
5.3819, 31
5.3855, 33
5.3890, 35
5.3922, 37
5.3947, 39
5.3973, 41
5.4001, 41
5.4032, 36
5.4064, 38
5.4090, 40
5.4122, 42
5.4153, 44
5.4178, 46
5.4211, 48
5.4242, 50
5.4273, 52
5.4304, 54
5.4327, 56
5.4353, 58
5.4394, 42
5.4433, 44
5.4461, 39
5.4470, 33
5.4480, 27
5.4500, 23
5.4517, 18
5.4540, 17
5.4574, 19
5.4587, 21
5.4605, 23
5.4634, 25
5.4660, 27
5.4689, 29
5.4719, 31
5.4762, 33
5.4800, 35
5.4828, 20
5.4858, 22
5.4890, 24
5.4919, 26
5.4977, 28
5.5001, 30
5.5025, 32
5.5053, 34
5.5065, 36
5.5091, 38
5.5126, 40
5.5158, 42
5.5190, 44
5.5220, 25
5.5246, 27
5.5279, 29
5.5310, 31
5.5342, 33
5.5369, 35
5.5405, 36
5.5442, 37
5.5471, 39
5.5499, 41
5.5531, 43
5.5559, 44
5.5595, 46
5.5625, 47
5.5658, 49
5.5684, 51
5.5717, 53
5.5749, 55
5.5782, 57
5.5815, 59
5.5847, 61
5.5880, 62
5.5914, 63
5.5949, 63
5.5967, 63
5.6008, 63
5.6023, 62
5.6056, 63
5.6080, 63
5.6121, 63
5.6143, 63
5.6187, 63
5.6205, 61
5.6240, 62
5.6277, 62
5.6304, 63
5.6344, 63
5.6379, 62
5.6412, 62
5.6430, 59
5.6456, 56
5.6474, 54
5.6495, 53
5.6518, 52
5.6548, 52
5.6580, 52
5.6612, 51
5.6643, 50
5.6674, 48
5.6706, 48
5.6738, 47
5.6771, 46
5.6803, 47
5.6837, 47
5.6870, 48
5.6903, 46
5.6935, 48
5.6968, 50
5.7001, 52
5.7034, 54
5.7065, 56
5.7099, 58
5.7132, 60
5.7164, 62
5.7197, 61
5.7226, 60
5.7252, 58
5.7283, 59
5.7312, 61
5.7342, 63
5.7379, 63
5.7405, 63
5.7432, 62
5.7459, 62
5.7495, 63
5.7514, 52
5.7545, 54
5.7575, 56
5.7610, 55
5.7640, 53
5.7671, 52
5.7698, 46
5.7731, 45
5.7765, 47
5.7803, 48
5.7837, 49
5.7870, 49
5.7904, 50
5.7933, 51
5.7968, 53
5.8000, 54
5.8034, 55
5.8065, 57
5.8099, 58
5.8133, 59
5.8163, 59
5.8196, 60
5.8230, 61
5.8257, 63
5.8282, 63
5.8324, 62
5.8356, 62
5.8393, 63
5.8427, 63
5.8450, 63
5.8484, 63
5.8507, 62
5.8551, 62
5.8573, 63
5.8597, 63
5.8620, 63
5.8645, 61
5.8678, 59
5.8718, 56
5.8744, 56
5.8779, 56
5.8812, 58
5.8844, 58
5.8878, 58
5.8912, 58
5.8944, 58
5.8988, 58
5.9010, 38
5.9025, 36
5.9064, 34
5.9095, 32
5.9116, 29
5.9148, 27
5.9177, 23
5.9200, 19
5.9220, 15
5.9250, 11
5.9280, 9
5.9307, 9
5.9351, 11
5.9365, 11
5.9398, 12
5.9435, 13
5.9466, 14
5.9492, 15
5.9534, 15
5.9569, 15
5.9593, 17
5.9660, 17
5.9679, 16
5.9750, 16
5.9770, 15
5.9788, 14
5.9804, 15
5.9819, 14
5.9838, 13
5.9866, 13
5.9887, 13
5.9918, 13
5.9937, 12
5.9956, 12
5.9999, 14
6.0020, 13
6.0058, 14
6.0085, 14
6.0104, 14
6.0125, 13
6.0148, 13
6.0182, 14
6.0209, 11
6.0247, 11
6.0266, 9
6.0285, 9
6.0305, 6
6.0329, 4
6.0358, 3
6.0393, 3
6.0417, 1
6.0447, 0
6.0474, 0
6.0504, 0
6.0532, 0
6.0562, 0
6.0590, 0
6.0621, 2
6.0649, 0
6.0679, 0
6.0707, 0
6.0736, 1
6.0767, 0
6.0794, 0
6.0823, 0
6.0854, 0
6.0882, 0
6.0926, 0
6.0955, 0
6.0991, 0
6.1033, 0
6.1089, 4
6.1123, 5
6.1159, 6
6.1182, 5
6.1220, 6
6.1251, 6
6.1269, 7
6.1307, 8
6.1318, 8
6.1340, 8
6.1364, 9
6.1390, 10
6.1411, 10
6.1432, 11
6.1457, 10
6.1493, 12
6.1506, 12
6.1535, 13
6.1566, 14
6.1605, 16
6.1640, 18
6.1656, 17
6.1677, 17
6.1707, 18
6.1743, 19
6.1759, 20
6.1790, 20
6.1821, 22
6.1850, 22
6.1883, 24
6.1914, 26
6.1945, 22
6.1977, 24
6.2008, 26
6.2037, 28
6.2066, 30
6.2111, 25
6.2121, 26
6.2148, 26
6.2177, 27
6.2205, 27
6.2234, 28
6.2276, 30
6.2333, 31
6.2361, 32
6.2396, 32
6.2427, 33
6.2455, 33
6.2480, 35
6.2510, 29
6.2541, 27
6.2571, 27
6.2612, 25
6.2643, 25
6.2675, 26
6.2704, 25
6.2735, 23
6.2766, 23
6.2798, 21
6.2830, 20
6.2862, 19
6.2894, 17
6.2924, 17
6.2973, 15
6.3004, 15
6.3034, 15
6.3066, 15
6.3097, 13
6.3124, 13
6.3150, 15
6.3171, 17
6.3205, 19
6.3239, 20
6.3270, 21
6.3302, 23
6.3334, 25
6.3357, 26
6.3397, 29
6.3419, 30
6.3450, 28
6.3483, 25
6.3523, 28
6.3555, 30
6.3574, 30
6.3610, 30
6.3641, 30
6.3673, 29
6.3713, 29
6.3745, 27
6.3776, 29
6.3808, 26
6.3839, 26
6.3871, 24
6.3902, 25
6.3933, 22
6.3965, 22
6.3997, 20
6.4028, 22
6.4060, 24
6.4093, 26
6.4137, 23
6.4180, 24
6.4223, 26
6.4266, 28
6.4309, 30
6.4352, 32
6.4395, 29
6.4439, 29
6.4473, 27
6.4506, 27
6.4549, 27
6.4592, 28
6.4631, 29
6.4671, 27
6.4713, 27
6.4756, 25
6.4799, 23
6.4842, 24
6.4884, 21
6.4926, 22
6.4969, 22
6.5013, 23
6.5057, 21
6.5100, 21
6.5153, 20
6.5197, 19
6.5240, 18
6.5274, 18
6.5301, 16
6.5328, 16
6.5365, 14
6.5401, 13
6.5425, 13
6.5466, 11
6.5501, 10
6.5532, 10
6.5563, 9
6.5594, 8
6.5625, 5
6.5656, 5
6.5677, 4
6.5706, 2
6.5728, 0
6.5756, 0
6.5779, 0
6.5801, 0
6.5822, 1
6.5843, 3
6.5864, 4
6.5885, 5
6.5907, 7
6.5949, 8
6.5975, 9
6.6002, 11
6.6029, 12
6.6061, 13
6.6112, 14
6.6125, 15
6.6153, 17
6.6176, 18
6.6224, 19
6.6255, 21
6.6288, 23
6.6320, 24
6.6356, 25
6.6391, 27
6.6427, 28
6.6462, 29
6.6499, 30
6.6537, 31
6.6577, 26
6.6616, 26
6.6651, 27
6.6683, 27
6.6713, 27
6.6746, 28
6.6778, 29
6.6814, 29
6.6856, 29
6.6898, 29
6.6940, 29
6.6981, 29
6.7022, 29
6.7062, 29
6.7104, 27
6.7143, 23
6.7182, 22
6.7217, 20
6.7268, 20
6.7280, 17
6.7313, 18
6.7346, 17
6.7380, 15
6.7418, 15
6.7457, 13
6.7494, 11
6.7533, 11
6.7571, 11
6.7614, 11
6.7658, 11
6.7704, 11
6.7746, 11
6.7790, 11
6.7834, 11
6.7888, 11
6.7923, 13
6.7965, 13
6.7999, 13
6.8032, 13
6.8073, 13
6.8100, 15
6.8140, 17
6.8178, 19
6.8210, 21
6.8238, 23
6.8267, 23
6.8298, 25
6.8328, 26
6.8359, 27
6.8390, 27
6.8420, 27
6.8459, 27
6.8495, 26
6.8532, 25
6.8570, 25
6.8607, 27
6.8642, 27
6.8674, 24
6.8716, 22
6.8758, 20
6.8801, 18
6.8837, 16
6.8858, 15
6.8892, 15
6.8942, 13
6.8989, 14
6.9052, 15
6.9091, 14
6.9134, 12
6.9175, 9
6.9215, 7
6.9255, 0
6.9299, 0
6.9343, 1
6.9386, 3
6.9430, 3
6.9471, 3
6.9511, 3
6.9551, 0
6.9597, 0
6.9628, 0
6.9661, 0
6.9696, 0
6.9724, 0
6.9762, 0
6.9785, 0
6.9814, 0
6.9849, 0
6.9874, 0
6.9902, 0
6.9930, 0
6.9961, 0
6.9991, 0
7.0021, 1
7.0053, 2
7.0072, 3
7.0110, 4
7.0126, 5
7.0160, 7
7.0177, 8
7.0198, 8
7.0229, 9
7.0273, 10
7.0293, 10
7.0324, 11
7.0355, 11
7.0396, 13
7.0418, 13
7.0450, 14
7.0482, 16
7.0513, 17
7.0555, 15
7.0577, 15
7.0608, 15
7.0641, 15
7.0672, 13
7.0704, 13
7.0745, 14
7.0777, 14
7.0809, 15
7.0839, 14
7.0869, 11
7.0900, 10
7.0931, 11
7.0962, 11
7.0994, 9
7.1025, 9
7.1057, 9
7.1089, 7
7.1121, 6
7.1152, 4
7.1184, 3
7.1215, 3
7.1248, 3
7.1279, 1
7.1310, 0
7.1343, 0
7.1375, 0
7.1406, 0
7.1437, 0
7.1463, 1
7.1499, 1
7.1527, 1
7.1546, 2
7.1579, 1
7.1607, 0
7.1635, 0
7.1666, 0
7.1695, 0
7.1722, 0
7.1749, 0
7.1778, 1
7.1815, 1
7.1829, 2
7.1858, 3
7.1885, 3
7.1928, 3
7.1955, 4
7.1985, 3
7.2016, 5
7.2041, 7
7.2072, 7
7.2103, 9
7.2132, 10
7.2164, 11
7.2195, 11
7.2225, 11
7.2256, 13
7.2286, 13
7.2317, 14
7.2341, 14
7.2362, 14
7.2384, 15
7.2408, 15
7.2438, 16
7.2462, 17
7.2484, 17
7.2509, 15
7.2538, 17
7.2569, 17
7.2599, 17
7.2631, 17
7.2663, 15
7.2698, 16
7.2722, 15
7.2755, 13
7.2787, 11
7.2819, 13
7.2852, 12
7.2884, 12
7.2916, 13
7.2947, 11
7.2980, 12
7.3013, 13
7.3044, 14
7.3076, 14
7.3109, 13
7.3140, 14
7.3172, 13
7.3204, 11
7.3236, 11
7.3267, 11
7.3298, 13
7.3330, 13
7.3360, 15
7.3391, 15
7.3421, 17
7.3452, 17
7.3483, 19
7.3514, 19
7.3554, 19
7.3582, 21
7.3618, 21
7.3653, 23
7.3677, 23
7.3710, 25
7.3734, 27
7.3769, 29
7.3799, 25
7.3832, 27
7.3858, 29
7.3890, 31
7.3919, 26
7.3944, 28
7.3972, 30
7.4002, 32
7.4032, 28
7.4059, 30
7.4097, 32
7.4140, 34
7.4165, 35
7.4194, 37
7.4218, 38
7.4255, 40
7.4264, 41
7.4278, 42
7.4306, 43
7.4335, 44
7.4365, 45
7.4396, 43
7.4420, 45
7.4450, 43
7.4480, 44
7.4507, 45
7.4530, 43
7.4551, 45
7.4616, 45
7.4624, 45
7.4682, 45
7.4690, 43
7.4734, 42
7.4771, 41
7.4810, 40
7.4843, 39
7.4862, 37
7.4883, 36
7.4905, 35
7.4925, 33
7.4947, 32
7.4965, 31
7.4997, 31
7.5027, 29
7.5058, 29
7.5089, 29
7.5120, 28
7.5150, 27
7.5181, 25
7.5212, 23
7.5243, 21
7.5273, 21
7.5304, 21
7.5334, 21
7.5365, 21
7.5390, 21
7.5421, 22
7.5455, 23
7.5487, 23
7.5510, 23
7.5545, 23
7.5576, 24
7.5618, 24
7.5659, 25
7.5701, 25
7.5743, 25
7.5785, 26
7.5826, 27
7.5868, 27
7.5912, 28
7.5955, 29
7.5997, 30
7.6040, 30
7.6083, 31
7.6125, 30
7.6163, 31
7.6199, 31
7.6236, 31
7.6274, 32
7.6308, 31
7.6342, 31
7.6377, 29
7.6416, 29
7.6445, 27
7.6486, 27
7.6520, 25
7.6545, 25
7.6569, 22
7.6595, 20
7.6628, 19
7.6659, 17
7.6692, 16
7.6723, 18
7.6754, 20
7.6786, 21
7.6817, 19
7.6850, 18
7.6881, 17
7.6914, 17
7.6946, 15
7.6978, 15
7.7010, 6
7.7042, 7
7.7074, 9
7.7104, 9
7.7138, 11
7.7169, 11
7.7201, 13
7.7232, 13
7.7264, 14
7.7296, 15
7.7327, 15
7.7360, 17
7.7395, 18
7.7423, 19
7.7455, 17
7.7485, 15
7.7517, 17
7.7548, 18
7.7579, 19
7.7611, 19
7.7643, 15
7.7674, 16
7.7708, 17
7.7739, 16
7.7770, 18
7.7802, 17
7.7834, 17
7.7864, 18
7.7896, 18
7.7933, 18
7.7960, 19
7.8004, 19
7.8036, 19
7.8067, 20
7.8097, 21
7.8123, 23
7.8163, 25
7.8190, 26
7.8220, 27
7.8252, 29
7.8284, 30
7.8309, 31
7.8345, 32
7.8378, 35
7.8418, 36
7.8437, 36
7.8467, 39
7.8488, 40
7.8514, 40
7.8547, 41
7.8573, 43
7.8595, 44
7.8625, 43
7.8655, 45
7.8681, 45
7.8708, 45
7.8733, 46
7.8762, 45
7.8792, 45
7.8813, 45
7.8848, 46
7.8873, 47
7.8902, 45
7.8933, 43
7.8964, 41
7.8995, 40
7.9027, 41
7.9058, 43
7.9090, 38
7.9122, 37
7.9152, 34
7.9185, 36
7.9216, 35
7.9249, 37
7.9318, 34
7.9360, 33
7.9394, 34
7.9424, 33
7.9453, 32
7.9486, 25
7.9605, 26
7.9629, 27
7.9668, 25
7.9707, 23
7.9753, 23
7.9793, 25
7.9826, 23
7.9864, 23
7.9902, 23
7.9945, 23
7.9981, 23
8.0018, 23
8.0056, 23
8.0088, 23
8.0115, 23
8.0152, 23
8.0183, 23
8.0215, 23
8.0246, 23
8.0275, 23
8.0309, 23
8.0338, 23
8.0373, 23
8.0406, 23
8.0437, 23
8.0468, 13
8.0499, 15
8.0528, 17
8.0562, 19
8.0595, 21
8.0625, 22
8.0657, 23
8.0689, 19
8.0723, 19
8.0755, 21
8.0789, 11
8.0817, 13
8.0844, 15
8.0886, 17
8.0926, 19
8.0978, 19
8.1041, 9
8.1078, 10
8.1104, 11
8.1137, 13
8.1173, 14
8.1190, 15
8.1222, 3
8.1240, 3
8.1263, 5
8.1284, 2
8.1306, 3
8.1328, 1
8.1350, 3
8.1383, 5
8.1406, 3
8.1435, 3
8.1464, 3
8.1493, 3
8.1517, 2
8.1549, 2
8.1577, 3
8.1620, 5
8.1632, 5
8.1664, 4
8.1690, 3
8.1717, 2
8.1746, 1
8.1772, 1
8.1798, 1
8.1827, 2
8.1855, 3
8.1889, 3
8.1944, 3
8.1953, 3
8.2000, 3
8.2018, 3
8.2062, 3
8.2106, 3
8.2146, 5
8.2188, 6
8.2232, 6
8.2277, 8
8.2320, 9
8.2364, 10
8.2408, 11
8.2452, 11
8.2496, 13
8.2540, 13
8.2583, 11
8.2622, 11
8.2658, 13
8.2697, 11
8.2741, 11
8.2787, 11
8.2832, 11
8.2876, 11
8.2920, 9
8.2963, 7
8.3007, 5
8.3052, 3
8.3095, 1
8.3139, 1
8.3183, 1
8.3226, 0
8.3269, 0
8.3313, 0
8.3356, 2
8.3400, 4
8.3443, 6
8.3487, 7
8.3531, 9
8.3575, 9
8.3619, 10
8.3662, 10
8.3705, 8
8.3749, 4
8.3792, 2
8.3836, 0
8.3880, 0
8.3923, 1
8.3966, 3
8.4010, 3
8.4053, 4
8.4097, 4
8.4140, 5
8.4184, 6
8.4228, 7
8.4272, 8
8.4316, 9
8.4359, 9
8.4407, 11
8.4451, 13
8.4488, 15
8.4526, 6
8.4559, 5
8.4590, 5
8.4619, 5
8.4650, 5
8.4686, 4
8.4730, 5
8.4768, 7
8.4811, 9
8.4853, 9
8.4892, 7
8.4945, 8
8.4988, 7
8.5022, 7
8.5072, 4
8.5113, 4
8.5163, 5
8.5179, 5
8.5237, 5
8.5281, 5
8.5325, 5
8.5365, 3
8.5400, 4
8.5442, 5
8.5478, 4
8.5514, 3
8.5556, 0
8.5591, 0
8.5630, 0
8.5676, 0
8.5719, 0
8.5767, 0
8.5807, 0
8.5847, 0
8.5882, 0
8.5923, 1
8.5965, 3
8.6007, 4
8.6044, 5
8.6082, 7
8.6121, 7
8.6152, 8
8.6178, 9
8.6221, 9
8.6265, 10
8.6300, 11
8.6334, 11
8.6361, 10
8.6379, 8
8.6419, 6
8.6463, 7
8.6506, 9
8.6550, 10
8.6589, 11
8.6633, 13
8.6676, 14
8.6720, 15
8.6764, 17
8.6808, 17
8.6851, 15
8.6894, 13
8.6941, 11
8.6984, 9
8.7027, 7
8.7070, 6
8.7113, 4
8.7157, 3
8.7200, 1
8.7243, 0
8.7286, 0
8.7329, 0
8.7372, 0
8.7415, 0
8.7458, 0
8.7501, 0
8.7544, 0
8.7586, 1
8.7629, 3
8.7671, 5
8.7714, 5
8.7758, 7
8.7800, 9
8.7843, 10
8.7892, 11
8.7925, 13
8.7965, 11
8.7988, 9
8.8026, 7
8.8067, 7
8.8111, 7
8.8150, 7
8.8180, 8
8.8223, 9
8.8279, 9
8.8304, 9
8.8323, 9
8.8351, 10
8.8378, 10
8.8408, 11
8.8444, 11
8.8472, 11
8.8501, 9
8.8532, 7
8.8576, 5
8.8603, 2
8.8631, 0
8.8658, 0
8.8683, 0
8.8709, 0
8.8741, 1
8.8770, 0
8.8800, 0
8.8832, 0
8.8862, 2
8.8891, 3
8.8922, 5
8.8953, 7
8.8979, 9
8.9014, 9
8.9045, 11
8.9069, 12
8.9101, 13
8.9139, 15
8.9169, 15
8.9202, 14
8.9319, 15
8.9341, 15
8.9367, 14
8.9389, 15
8.9411, 15
8.9444, 16
8.9469, 17
8.9498, 19
8.9525, 21
8.9549, 22
8.9579, 23
8.9609, 25
8.9641, 26
8.9672, 27
8.9698, 27
8.9725, 29
8.9748, 30
8.9782, 31
8.9814, 32
8.9841, 33
8.9879, 34
8.9912, 33
8.9943, 32
8.9985, 32
9.0019, 32
9.0063, 30
9.0112, 25
9.0156, 23
9.0200, 21
9.0250, 19
9.0283, 17
9.0306, 14
9.0334, 12
9.0378, 11
9.0409, 9
9.0441, 8
9.0471, 7
9.0501, 7
9.0532, 9
9.0562, 10
9.0596, 11
9.0624, 13
9.0659, 15
9.0687, 15
9.0720, 17
9.0752, 19
9.0780, 20
9.0810, 21
9.0843, 23
9.0875, 25
9.0909, 25
9.0938, 27
9.0972, 29
9.1002, 29
9.1032, 31
9.1062, 32
9.1091, 33
9.1127, 35
9.1154, 31
9.1188, 29
9.1228, 29
9.1256, 29
9.1289, 28
9.1320, 27
9.1348, 27
9.1395, 27
9.1434, 26
9.1475, 27
9.1485, 23
9.1543, 25
9.1582, 26
9.1624, 27
9.1666, 29
9.1708, 29
9.1749, 28
9.1785, 28
9.1832, 27
9.1873, 27
9.1921, 29
9.1962, 28
9.2002, 26
9.2047, 27
9.2083, 29
9.2124, 31
9.2170, 31
9.2211, 33
9.2261, 34
9.2297, 35
9.2341, 37
9.2379, 38
9.2415, 39
9.2458, 41
9.2502, 42
9.2541, 43
9.2591, 44
9.2640, 45
9.2689, 45
9.2738, 47
9.2793, 47
9.2831, 49
9.2877, 50
9.2946, 51
9.2981, 51
9.3011, 52
9.3021, 53
9.3029, 55
9.3081, 55
9.3119, 57
9.3148, 57
9.3174, 58
9.3207, 59
9.3242, 59
9.3274, 60
9.3305, 61
9.3336, 61
9.3367, 61
9.3397, 62
9.3431, 62
9.3459, 63
9.3484, 62
9.3513, 63
9.3544, 63
9.3574, 62
9.3603, 60
9.3633, 60
9.3662, 58
9.3693, 60
9.3723, 61
9.3754, 62
9.3782, 57
9.3814, 56
9.3843, 54
9.3873, 52
9.3903, 52
9.3932, 53
9.3962, 55
9.3990, 57
9.4020, 55
9.4049, 53
9.4079, 51
9.4108, 51
9.4140, 49
9.4169, 48
9.4198, 47
9.4226, 44
9.4255, 42
9.4285, 42
9.4311, 40
9.4344, 42
9.4373, 39
9.4404, 36
9.4432, 33
9.4463, 31
9.4493, 29
9.4522, 27
9.4549, 27
9.4581, 26
9.4610, 25
9.4641, 25
9.4670, 26
9.4698, 27
9.4727, 27
9.4758, 27
9.4787, 25
9.4817, 25
9.4849, 25
9.4878, 23
9.4907, 23
9.4933, 23
9.4965, 19
9.4993, 12
9.5019, 8
9.5049, 5
9.5084, 7
9.5113, 8
9.5145, 8
9.5175, 4
9.5204, 3
9.5233, 1
9.5258, 1
9.5286, 0
9.5313, 0
9.5338, 0
9.5367, 0
9.5396, 0
9.5426, 0
9.5455, 0
9.5484, 0
9.5511, 0
9.5541, 0
9.5570, 0
9.5599, 0
9.5628, 0
9.5657, 0
9.5686, 0
9.5705, 0
9.5744, 1
9.5786, 1
9.5826, 1
9.5865, 1
9.5906, 1
9.5937, 0
9.5969, 0
9.6001, 0
9.6031, 0
9.6063, 0
9.6096, 0
9.6131, 0
9.6158, 0
9.6191, 0
9.6219, 0
9.6260, 0
9.6293, 0
9.6328, 0
9.6355, 0
9.6381, 0
9.6407, 0
9.6439, 0
9.6469, 0
9.6506, 0
9.6547, 0
9.6584, 0
9.6612, 0
9.6642, 0
9.6670, 0
9.6697, 0
9.6725, 0
9.6755, 0
9.6784, 0
9.6808, 0
9.6845, 0
9.6875, 0
9.6904, 0
9.6927, 1
9.6948, 1
9.6986, 2
9.7030, 2
9.7055, 0
9.7089, 0
9.7118, 0
9.7149, 0
9.7179, 0
9.7208, 0
9.7248, 0
9.7287, 1
9.7329, 3
9.7347, 3
9.7390, 4
9.7423, 5
9.7450, 5
9.7470, 7
9.7509, 7
9.7568, 8
9.7595, 9
9.7614, 9
9.7625, 11
9.7644, 11
9.7672, 12
9.7699, 13
9.7726, 13
9.7753, 15
9.7786, 15
9.7818, 16
9.7848, 17
9.7874, 17
9.7903, 18
9.7930, 19
9.7963, 19
9.7996, 21
9.8023, 21
9.8055, 22
9.8092, 23
9.8115, 22
9.8161, 23
9.8186, 20
9.8225, 12
9.8263, 10
9.8288, 7
9.8317, 4
9.8347, 1
9.8376, 0
9.8407, 0
9.8438, 0
9.8470, 0
9.8512, 0
9.8542, 0
9.8573, 0
9.8604, 0
9.8635, 0
9.8667, 0
9.8698, 1
9.8729, 1
9.8761, 3
9.8792, 3
9.8820, 5
9.8847, 5
9.8874, 6
9.8901, 7
9.8929, 8
9.8956, 9
9.8983, 9
9.9011, 11
9.9038, 11
9.9065, 12
9.9103, 13
9.9142, 14
9.9173, 15
9.9211, 16
9.9232, 17
9.9266, 17
9.9301, 19
9.9325, 19
9.9356, 21
9.9412, 22
9.9435, 23
9.9446, 24
9.9498, 22
9.9520, 21
9.9533, 19
9.9550, 16
9.9584, 13
9.9608, 8
9.9636, 3
9.9665, 0
9.9693, 1
9.9720, 0
9.9750, 0
9.9776, 0
9.9810, 1
9.9842, 1
9.9874, 0
9.9917, 0
9.9926, 0
9.9982, 0
9.9991, 0
10.0045, 0
10.0061, 0
10.0089, 1
10.0122, 1
10.0174, 2
10.0213, 4
10.0255, 6
10.0291, 7
10.0326, 9
10.0336, 11
10.0361, 12
10.0390, 9
10.0420, 9
10.0484, 9
10.0505, 10
10.0517, 10
10.0543, 7
10.0574, 7
10.0603, 7
10.0633, 4
10.0654, 4
10.0676, 3
10.0699, 2
10.0730, 3
10.0756, 4
10.0794, 6
10.0816, 5
10.0846, 5
10.0874, 5
10.0903, 5
10.0940, 8
10.0963, 8
10.0999, 11
10.1028, 12
10.1051, 12
10.1081, 13
10.1109, 13
10.1141, 15
10.1168, 17
10.1199, 17
10.1226, 19
10.1258, 20
10.1278, 21
10.1320, 23
10.2032, 24
10.2049, 25
10.2060, 26
10.2082, 26
10.2106, 27
10.2116, 27
10.2138, 27
10.2148, 27
10.2170, 28
10.2180, 29
10.2203, 28
10.2213, 29
10.2228, 28
10.2245, 29
10.2254, 30
10.2277, 29
10.2287, 30
10.2311, 30
10.2320, 31
10.2343, 31
10.2353, 33
10.2367, 32
10.2379, 32
10.2391, 33
10.2403, 33
10.2415, 33
10.2426, 32
10.2439, 33
10.2453, 34
10.2467, 35
10.2479, 36
10.2492, 31
10.2505, 30
10.2519, 29
10.2531, 27
10.2546, 24
10.2559, 21
10.2572, 19
10.2586, 16
10.2600, 14
10.2613, 13
10.2626, 10
10.2639, 8
10.2660, 6
10.2689, 3
10.2716, 1
10.2744, 0
10.2773, 0
10.2803, 0
10.2829, 0
10.2859, 0
10.2889, 0
10.2916, 0
10.2945, 0
10.2979, 0
10.3006, 0
10.3038, 0
10.3065, 0
10.3096, 0
10.3133, 0
10.3163, 0
10.3207, 0
10.3237, 0
10.3270, 0
10.3305, 0
10.3329, 0
10.3364, 0
10.3396, 0
10.3424, 0
10.3452, 0
10.3481, 0
10.3508, 0
10.3540, 0
10.3569, 0
10.3594, 0
10.3625, 0
10.3653, 2
10.3685, 4
10.3714, 2
10.3742, 3
10.3773, 5
10.3804, 4
10.3832, 6
10.3861, 8
10.3889, 6
10.3918, 6
10.3949, 8
10.3976, 10
10.4006, 8
10.4037, 6
10.4066, 5
10.4093, 6
10.4124, 8
10.4155, 10
10.4184, 12
10.4211, 7
10.4241, 8
10.4270, 10
10.4301, 12
10.4331, 9
10.4360, 10
10.4390, 12
10.4419, 9
10.4449, 11
10.4479, 9
10.4508, 11
10.4537, 12
10.4567, 11
10.4597, 11
10.4625, 13
10.4663, 10
10.4697, 11
10.4734, 13
10.4774, 14
10.4806, 15
10.4837, 17
10.4868, 19
10.4900, 20
10.4929, 21
10.4972, 23
10.4991, 25
10.5026, 26
10.5058, 27
10.5094, 29
10.5137, 31
10.5168, 31
10.5201, 33
10.5232, 34
10.5262, 36
10.5299, 37
10.5331, 39
10.5365, 39
10.5400, 39
10.5439, 39
10.5473, 39
10.5497, 39
10.5535, 37
10.5572, 35
10.5607, 33
10.5643, 31
10.5689, 28
10.5724, 27
10.5752, 25
10.5772, 23
10.5816, 21
10.5861, 20
10.5898, 17
10.5933, 15
10.5967, 12
10.5998, 9
10.6027, 7
10.6062, 5
10.6095, 3
10.6137, 0
10.6173, 0
10.6204, 0
10.6246, 0
10.6282, 1
10.6327, 1
10.6360, 1
10.6390, 1
10.6421, 1
10.6450, 2
10.6489, 3
10.6514, 5
10.6544, 6
10.6574, 7
10.6607, 9
10.6641, 9
10.6670, 11
10.6702, 11
10.6731, 13
10.6758, 13
10.6786, 13
10.6814, 13
10.6845, 13
10.6878, 13
10.6912, 14
10.6964, 15
10.6991, 15
10.7019, 15
10.7056, 15
10.7095, 15
10.7143, 16
10.7173, 16
10.7197, 17
10.7234, 17
10.7261, 17
10.7292, 15
10.7321, 13
10.7351, 11
10.7380, 9
10.7407, 6
10.7419, 4
10.7459, 2
10.7478, 0
10.7544, 0
10.7573, 0
10.7601, 0
10.7629, 0
10.7641, 0
10.7679, 0
10.7709, 0
10.7738, 0
10.7776, 0
10.7798, 0
10.7828, 0
10.7864, 0
10.7902, 0
10.7926, 0
10.7952, 0
10.7996, 2
10.8022, 4
10.8050, 5
10.8075, 5
10.8102, 6
10.8177, 8
10.8188, 7
10.8198, 9
10.8217, 7
10.8239, 8
10.8262, 8
10.8286, 9
10.8315, 9
10.8335, 8
10.8358, 9
10.8375, 9
10.8393, 10
10.8435, 12
10.8454, 10
10.8473, 10
10.8523, 11
10.8532, 12
10.8606, 14
10.8658, 16
10.8694, 16
10.8724, 17
10.8758, 18
10.8794, 19
10.8805, 21
10.8814, 22
10.8831, 23
10.8867, 25
10.8885, 26
10.8931, 27
10.8963, 29
10.8996, 30
10.9029, 32
10.9066, 33
10.9095, 35
10.9121, 36
10.9139, 37
10.9153, 39
10.9178, 40
10.9209, 41
10.9242, 43
10.9285, 45
10.9294, 46
10.9355, 47
10.9400, 49
10.9432, 50
10.9488, 51
10.9527, 53
10.9573, 54
10.9611, 55
10.9629, 57
10.9638, 58
10.9647, 59
10.9656, 61
10.9665, 63
10.9673, 62
10.9726, 62
10.9737, 61
10.9779, 60
10.9787, 59
10.9835, 60
10.9879, 60
10.9888, 60
10.9933, 60
10.9958, 62
10.9988, 63
11.0015, 63
11.0050, 63
11.0082, 63
11.0120, 57
11.0153, 58
11.0195, 59
11.0231, 60
11.0273, 61
11.0311, 63
11.0343, 63
11.0386, 63
11.0415, 62
11.0453, 61
11.0488, 60
11.0527, 61
11.0564, 54
11.0604, 56
11.0642, 55
11.0683, 55
11.0719, 57
11.0758, 56
11.0799, 57
11.0831, 55
11.0867, 53
11.0897, 48
11.0930, 44
11.0961, 42
11.0993, 40
11.1021, 41
11.1076, 43
11.1087, 45
11.1110, 47
11.1143, 46
11.1184, 48
11.1209, 48
11.1233, 47
11.1264, 48
11.1294, 49
11.1324, 51
11.1356, 46
11.1386, 44
11.1417, 45
11.1447, 47
11.1478, 42
11.1508, 42
11.1539, 35
11.1569, 35
11.1599, 35
11.1630, 28
11.1661, 28
11.1693, 28
11.1722, 29
11.1761, 26
11.1803, 27
11.1847, 26
11.1882, 26
11.1917, 20
11.1960, 16
11.1998, 11
11.2047, 9
11.2077, 11
11.2099, 13
11.2129, 14
11.2158, 15
11.2189, 17
11.2227, 19
11.2259, 20
11.2290, 19
11.2321, 21
11.2362, 19
11.2388, 20
11.2416, 18
11.2441, 19
11.2468, 21
11.2498, 21
11.2530, 19
11.2556, 16
11.2588, 11
11.2620, 7
11.2649, 3
11.2680, 0
11.2704, 0
11.2740, 0
11.2768, 0
11.2804, 0
11.2835, 0
11.2866, 0
11.2898, 0
11.2930, 0
11.2963, 0
11.2993, 0
11.3026, 0
11.3060, 0
11.3093, 0
11.3126, 0
11.3153, 0
11.3187, 0
11.3247, 0
11.3257, 0
11.3291, 0
11.3326, 0
11.3357, 0
11.3390, 0
11.3423, 0
11.3457, 0
11.3491, 1
11.3525, 0
11.3559, 0
11.3593, 0
11.3627, 0
11.3661, 0
11.3694, 0
11.3729, 0
11.3762, 0
11.3797, 0
11.3834, 0
11.3862, 0
11.3902, 0
11.3945, 0
11.3972, 0
11.4003, 0
11.4041, 0
11.4093, 0
11.4104, 0
11.4161, 0
11.4199, 0
11.4226, 0
11.4257, 0
11.4292, 0
11.4355, 0
11.4392, 0
11.4426, 0
11.4486, 0
11.4526, 0
11.4564, 0
11.4598, 0
11.4632, 1
11.4672, 1
11.4707, 0
11.4741, 0
11.4775, 0
11.4808, 1
11.4841, 0
11.4874, 1
11.4907, 1
11.4921, 2
11.4928, 0
11.4935, 1
11.4985, 3
11.5016, 4
11.5064, 3
11.5107, 5
11.5142, 4
11.5196, 0
11.5239, 0
11.5285, 0
11.5398, 0
11.5442, 0
11.5486, 2
11.5512, 3
11.5559, 2
11.5587, 1
11.5615, 1
11.5657, 0
11.5687, 0
11.5714, 0
11.5758, 0
11.5791, 0
11.5829, 0
11.5859, 0
11.5886, 0
11.5903, 0
11.5930, 0
11.5956, 0
11.5983, 0
11.6024, 0
11.6047, 0
11.6078, 1
11.6108, 1
11.6137, 0
11.6167, 1
11.6196, 1
11.6219, 1
11.6242, 1
11.6265, 0
11.6297, 0
11.6330, 1
11.6355, 3
11.6377, 3
11.6411, 5
11.6440, 6
11.6467, 7
11.6501, 9
11.6529, 9
11.6557, 9
11.6586, 11
11.6613, 11
11.6641, 12
11.6670, 13
11.6698, 15
11.6727, 16
11.6756, 17
11.6783, 18
11.6811, 19
11.6832, 21
11.6870, 21
11.6903, 22
11.6929, 23
11.6955, 23
11.6980, 23
11.7006, 24
11.7031, 25
11.7059, 25
11.7084, 25
11.7109, 25
11.7129, 26
11.7162, 27
11.7188, 27
11.7214, 26
11.7233, 27
11.7256, 29
11.7279, 28
11.7302, 25
11.7327, 23
11.7349, 20
11.7373, 19
11.7404, 17
11.7434, 15
11.7464, 15
11.7494, 13
11.7525, 12
11.7555, 11
11.7585, 9
11.7615, 8
11.7646, 7
11.7675, 6
11.7705, 4
11.7735, 1
11.7766, 0
11.7796, 0
11.7825, 0
11.7855, 0
11.7885, 2
11.7916, 4
11.7945, 3
11.7975, 3
11.8005, 3
11.8035, 1
11.8065, 0
11.8094, 0
11.8124, 0
11.8154, 0
11.8185, 0
11.8215, 0
11.8245, 0
11.8277, 1
11.8306, 3
11.8336, 5
11.8367, 7
11.8397, 9
11.8422, 11
11.8445, 13
11.8470, 15
11.8492, 17
11.8514, 15
11.8535, 15
11.8556, 14
11.8578, 16
11.8603, 17
11.8625, 17
11.8650, 17
11.8679, 19
11.8707, 21
11.8727, 23
11.8775, 25
11.8797, 27
11.8824, 29
11.8849, 31
11.8875, 16
11.8900, 14
11.8926, 9
11.8953, 7
11.8979, 5
11.9004, 4
11.9030, 3
11.9057, 3
11.9084, 4
11.9110, 5
11.9136, 7
11.9161, 9
11.9186, 9
11.9211, 11
11.9237, 12
11.9264, 13
11.9290, 15
11.9317, 16
11.9343, 17
11.9368, 18
11.9394, 19
11.9414, 19
11.9439, 21
11.9462, 21
11.9518, 21
11.9546, 20
11.9569, 21
11.9592, 22
11.9616, 22
11.9639, 19
11.9662, 16
11.9684, 14
11.9704, 13
11.9730, 11
11.9762, 10
11.9777, 9
11.9799, 7
11.9820, 5
11.9841, 4
11.9863, 3
11.9906, 1
11.9923, 0
11.9941, 0
11.9965, 0
11.9988, 0
12.0011, 0
12.0034, 0
12.0057, 1
12.0080, 3
12.0103, 3
12.0127, 4
12.0149, 6
12.0167, 7
12.0188, 8
12.0211, 7
12.0251, 8
12.0271, 7
12.0295, 8
12.0324, 8
12.0348, 9
12.0365, 7
12.0393, 9
12.0428, 10
12.0454, 10
12.0483, 9
12.0508, 9
12.0552, 9
12.0571, 11
12.0594, 11
12.0618, 11
12.0641, 7
12.0665, 6
12.0689, 5
12.0706, 3
12.0728, 4
12.0751, 4
12.0777, 4
12.0796, 0
12.0821, 0
12.0839, 0
12.0869, 0
12.0893, 0
12.0916, 0
12.0942, 0
12.0968, 0
12.0994, 0
12.1018, 1
12.1041, 3
12.1064, 3
12.1087, 5
12.1110, 7
12.1134, 4
12.1157, 6
12.1180, 8
12.1211, 5
12.1242, 7
12.1282, 5
12.1314, 7
12.1345, 5
12.1373, 5
12.1402, 4
12.1435, 2
12.1463, 1
12.1496, 0
12.1547, 0
12.1584, 0
12.1619, 0
12.1638, 0
12.1671, 0
12.1698, 1
12.1731, 0
12.1759, 0
12.1789, 0
12.1820, 0
12.1842, 1
12.1879, 0
12.1899, 1
12.1936, 0
12.1962, 1
12.1991, 0
12.2020, 0
12.2049, 0
12.2071, 0
12.2101, 1
12.2140, 0
12.2159, 0
12.2178, 0
12.2207, 0
12.2233, 0
12.2264, 0
12.2288, 0
12.2313, 1
12.2339, 1
12.2368, 0
12.2397, 0
12.2429, 0
12.2454, 0
12.2493, 0
12.2514, 0
12.2537, 0
12.2563, 0
12.2588, 0
12.2633, 0
12.2645, 0
12.2666, 0
12.2691, 0
12.2715, 0
12.2737, 0
12.2761, 0
12.2782, 0
12.2805, 0
12.2832, 0
12.2852, 0
12.2877, 0
12.2900, 0
12.2927, 0
12.2949, 0
12.2973, 0
12.2998, 0
12.3026, 0
12.3047, 0
12.3066, 0
12.3105, 0
12.3124, 0
12.3171, 0
12.3203, 0
12.3220, 0
12.3245, 0
12.3266, 1
12.3295, 1
12.3341, 1
12.3351, 2
12.3381, 3
12.3424, 5
12.3433, 7
12.3455, 9
12.3487, 10
12.3519, 11
12.3552, 13
12.3585, 14
12.3617, 15
12.3654, 17
12.3679, 18
12.3711, 19
12.3741, 21
12.3773, 22
12.3804, 23
12.3835, 25
12.3866, 26
12.3896, 27
12.3927, 29
12.3958, 30
12.3989, 31
12.4020, 33
12.4051, 34
12.4081, 35
12.4113, 37
12.4144, 38
12.4175, 39
12.4228, 41
12.4250, 42
12.4273, 43
12.4314, 45
12.4345, 46
12.4379, 47
12.4419, 49
12.4461, 50
12.4503, 51
12.4546, 53
12.4587, 54
12.4629, 55
12.4664, 57
12.4695, 58
12.4727, 59
12.4761, 61
12.4798, 63
12.4842, 63
12.4870, 59
12.4892, 57
12.4922, 55
12.4954, 52
12.4987, 49
12.5018, 47
12.5048, 46
12.5079, 45
12.5110, 43
12.5138, 41
12.5169, 39
12.5193, 38
12.5220, 36
12.5263, 35
12.5283, 35
12.5316, 36
12.5345, 37
12.5370, 38
12.5394, 39
12.5429, 40
12.5455, 41
12.5486, 43
12.5517, 43
12.5547, 45
12.5573, 45
12.5593, 46
12.5629, 47
12.5656, 47
12.5691, 47
12.5770, 42
12.5774, 41
12.5798, 41
12.5834, 42
12.5861, 42
12.5883, 43
12.5907, 43
12.5931, 43
12.5955, 43
12.5979, 43
12.6010, 44
12.6029, 44
12.6053, 44
12.6076, 45
12.6101, 45
12.6125, 47
12.6150, 48
12.6174, 49
12.6198, 50
12.6225, 51
12.6248, 52
12.6277, 53
12.6301, 55
12.6326, 56
12.6346, 58
12.6372, 57
12.6399, 58
12.6420, 60
12.6447, 58
12.6470, 59
12.6494, 61
12.6519, 59
12.6546, 60
12.6571, 59
12.6596, 60
12.6620, 62
12.6644, 61
12.6668, 63
12.6686, 55
12.6707, 50
12.6736, 48
12.6767, 50
12.6787, 52
12.6809, 54
12.6834, 56
12.6860, 54
12.6891, 54
12.6912, 54
12.6946, 54
12.6966, 54
12.6992, 54
12.7012, 54
12.7042, 54
12.7068, 54
12.7107, 55
12.7123, 52
12.7145, 53
12.7178, 53
12.7218, 50
12.7231, 50
12.7271, 50
12.7286, 50
12.7304, 50
12.7328, 49
12.7351, 47
12.7374, 46
12.7398, 47
12.7425, 47
12.7451, 45
12.7473, 45
12.7499, 45
12.7523, 45
12.7549, 46
12.7572, 45
12.7591, 44
12.7620, 41
12.7643, 40
12.7666, 40
12.7696, 38
12.7723, 35
12.7752, 35
12.7789, 33
12.7802, 32
12.7812, 31
12.7836, 30
12.7861, 29
12.7886, 27
12.7911, 26
12.7935, 25
12.7960, 25
12.7985, 15
12.8017, 15
12.8042, 13
12.8064, 10
12.8092, 8
12.8115, 5
12.8140, 3
12.8163, 1
12.8182, 0
12.8207, 0
12.8231, 0
12.8256, 0
12.8280, 0
12.8305, 0
12.8330, 0
12.8355, 0
12.8379, 0
12.8404, 0
12.8429, 1
12.8453, 2
12.8478, 3
12.8503, 4
12.8527, 5
12.8551, 7
12.8576, 7
12.8601, 8
12.8625, 9
12.8649, 8
12.8674, 9
12.8698, 11
12.8722, 11
12.8747, 9
12.8773, 10
12.8797, 7
12.8823, 9
12.8847, 7
12.8872, 7
12.8897, 6
12.8930, 8
12.8946, 8
12.8971, 7
12.8996, 9
12.9020, 7
12.9045, 9
12.9069, 9
12.9094, 6
12.9119, 5
12.9143, 3
12.9168, 5
12.9195, 7
12.9218, 5
12.9242, 4
12.9267, 6
12.9292, 8
12.9316, 8
12.9341, 9
12.9365, 11
12.9390, 9
12.9413, 11
12.9445, 9
12.9545, 11
12.9578, 13
12.9611, 11
12.9651, 11
12.9682, 11
12.9710, 12
12.9740, 14
12.9772, 13
12.9808, 13
12.9843, 13
12.9874, 15
12.9907, 14
12.9945, 12
12.9981, 3
13.0008, 0
13.0040, 0
13.0072, 0
13.0104, 0
13.0138, 0
13.0171, 0
13.0201, 1
13.0231, 2
13.0262, 3
13.0292, 1
13.0317, 0
13.0349, 0
13.0381, 1
13.0413, 3
13.0445, 4
13.0478, 6
13.0510, 8
13.0543, 9
13.0574, 10
13.0606, 10
13.0638, 11
13.0670, 9
13.0702, 8
13.0734, 8
13.0766, 7
13.0797, 5
13.0829, 5
13.0862, 7
13.0893, 9
13.0925, 11
13.0957, 13
13.0988, 13
13.1020, 11
13.1053, 7
13.1086, 4
13.1128, 2
13.1173, 4
13.1215, 6
13.1258, 8
13.1299, 10
13.1339, 11
13.1380, 13
13.1423, 15
13.1464, 15
13.1504, 15
13.1547, 14
13.1582, 11
13.1607, 11
13.1633, 9
13.1669, 7
13.1694, 4
13.1726, 1
13.1749, 0
13.1778, 1
13.1815, 2
13.1844, 3
13.1874, 5
13.1904, 6
13.1936, 7
13.1967, 8
13.1999, 9
13.2021, 11
13.2065, 12
13.2095, 13
13.2126, 14
13.2155, 15
13.2190, 17
13.2207, 18
13.2237, 17
13.2267, 19
13.2298, 20
13.2329, 21
13.2360, 22
13.2390, 23
13.2422, 25
13.2453, 25
13.2483, 25
13.2514, 25
13.2544, 25
13.2575, 27
13.2606, 27
13.2637, 28
13.2667, 29
13.2697, 30
13.2728, 31
13.2760, 31
13.2790, 31
13.2821, 30
13.2852, 29
13.2884, 28
13.2915, 27
13.2941, 26
13.2965, 27
13.2987, 25
13.3011, 26
13.3032, 26
13.3053, 27
13.3075, 25
13.3095, 26
13.3141, 27
13.3178, 29
13.3208, 31
13.3238, 33
13.3264, 32
13.3295, 32
13.3327, 32
13.3361, 31
13.3386, 31
13.3414, 31
13.3443, 31
13.3470, 31
13.3494, 32
13.3526, 32
13.3554, 33
13.3584, 34
13.3608, 34
13.3638, 34
13.3667, 34
13.3690, 34
13.3730, 34
13.3761, 31
13.3789, 30
13.3818, 29
13.3847, 26
13.3879, 25
13.3910, 25
13.3948, 24
13.3972, 24
13.4006, 25
13.4036, 25
13.4072, 25
13.4097, 26
13.4140, 27
13.4184, 27
13.4222, 28
13.4266, 29
13.4309, 29
13.4353, 17
13.4403, 17
13.4450, 17
13.4496, 17
13.4530, 17
13.4563, 17
13.4597, 17
13.4622, 17
13.4662, 17
13.4689, 19
13.4719, 20
13.4758, 21
13.4782, 21
13.4807, 21
13.4829, 21
13.4858, 21
13.4887, 21
13.4914, 21
13.4946, 19
13.4971, 18
13.4999, 19
13.5025, 19
13.5053, 19
13.5081, 21
13.5106, 21
13.5145, 22
13.5172, 23
13.5199, 23
13.5231, 23
13.5271, 23
13.5301, 23
13.5331, 23
13.5396, 23
13.5419, 24
13.5429, 24
13.5460, 24
13.5485, 23
13.5514, 20
13.5562, 18
13.5583, 17
13.5615, 17
13.5643, 14
13.5675, 11
13.5728, 9
13.5747, 6
13.5773, 3
13.5792, 2
13.5821, 0
13.5854, 0
13.5886, 0
13.5917, 0
13.5954, 0
13.5980, 0
13.6011, 0
13.6042, 0
13.6073, 0
13.6105, 0
13.6137, 0
13.6171, 0
13.6203, 0
13.6236, 0
13.6264, 1
13.6297, 0
13.6328, 0
13.6355, 1
13.6388, 1
13.6419, 1
13.6451, 1
13.6487, 1
13.6517, 1
13.6543, 2
13.6578, 1
13.6610, 1
13.6641, 3
13.6673, 3
13.6703, 4
13.6735, 5
13.6767, 7
13.6797, 8
13.6828, 9
13.6852, 10
13.6883, 11
13.6903, 13
13.6922, 13
13.6956, 15
13.6984, 16
13.7015, 17
13.7042, 19
13.7066, 19
13.7090, 19
13.7115, 19
13.7139, 20
13.7167, 21
13.7188, 23
13.7211, 23
13.7236, 25
13.7257, 25
13.7283, 27
13.7306, 29
13.7330, 29
13.7359, 30
13.7374, 31
13.7398, 33
13.7421, 34
13.7466, 35
13.7484, 37
13.7505, 37
13.7523, 39
13.7555, 39
13.7580, 41
13.7606, 42
13.7629, 44
13.7651, 46
13.7680, 47
13.7705, 49
13.7722, 51
13.7743, 53
13.7772, 53
13.7807, 55
13.7826, 57
13.7849, 59
13.7877, 60
13.7902, 61
13.7920, 63
13.7941, 63
13.7974, 63
13.7994, 63
13.8017, 62
13.8045, 62
13.8068, 62
13.8091, 60
13.8113, 60
13.8139, 60
13.8164, 60
13.8188, 60
13.8213, 58
13.8237, 57
13.8262, 57
13.8293, 58
13.8315, 58
13.8338, 59
13.8358, 59
13.8384, 60
13.8406, 60
13.8429, 60
13.8448, 60
13.8493, 59
13.8511, 58
13.8539, 56
13.8587, 54
13.8599, 53
13.8618, 53
13.8645, 50
13.8667, 49
13.8691, 48
13.8716, 47
13.8736, 45
13.8763, 43
13.8787, 41
13.8811, 41
13.8837, 39
13.8860, 39
13.8884, 37
13.8909, 35
13.8933, 33
13.8957, 24
13.8983, 22
13.9007, 21
13.9032, 21
13.9056, 20
13.9082, 19
13.9106, 19
13.9135, 19
13.9155, 18
13.9180, 17
13.9213, 17
13.9246, 16
13.9278, 15
13.9311, 15
13.9344, 10
13.9377, 6
13.9410, 1
13.9436, 0
13.9476, 0
13.9501, 1
13.9534, 3
13.9574, 0
13.9607, 0
13.9633, 0
13.9673, 0
13.9707, 0
13.9740, 0
13.9773, 0
13.9805, 0
13.9838, 0
13.9871, 0
13.9903, 0
13.9936, 0
13.9969, 0
14.0002, 0
14.0035, 1
14.0069, 3
14.0101, 5
14.0134, 7
14.0167, 9
14.0200, 11
14.0233, 13
14.0266, 15
14.0299, 17
14.0332, 19
14.0365, 15
14.0397, 14
14.0430, 13
14.0463, 13
14.0495, 13
14.0528, 12
14.0561, 12
14.0594, 11
14.0627, 11
14.0661, 11
14.0694, 10
14.0727, 9
14.0761, 9
14.0794, 8
14.0826, 7
14.0859, 7
14.0892, 6
14.0925, 5
14.0958, 5
14.0990, 3
14.1023, 3
14.1056, 1
14.1089, 1
14.1149, 1
14.1183, 1
14.1216, 1
14.1248, 0
14.1281, 0
14.1314, 0
14.1347, 0
14.1380, 0
14.1413, 0
14.1446, 0
14.1479, 0
14.1512, 0
14.1544, 0
14.1577, 0
14.1610, 0
14.1643, 0
14.1675, 0
14.1708, 0
14.1746, 0
14.1775, 2
14.1804, 4
14.1845, 6
14.1884, 8
14.1902, 10
14.1925, 12
14.1958, 14
14.1987, 16
14.2018, 18
14.2061, 20
14.2107, 22
14.2149, 12
14.2191, 11
14.2228, 11
14.2270, 9
14.2312, 9
14.2359, 9
14.2400, 9
14.2441, 7
14.2482, 7
14.2524, 6
14.2566, 7
14.2608, 5
14.2650, 5
14.2693, 6
14.2735, 7
14.2779, 7
14.2821, 7
14.2863, 8
14.2897, 8
14.2943, 9
14.2965, 9
14.3005, 9
14.3031, 10
14.3047, 11
14.3068, 10
14.3104, 11
14.3130, 13
14.3162, 12
14.3208, 14
14.3224, 15
14.3255, 14
14.3286, 15
14.3325, 17
14.3346, 17
14.3377, 19
14.3406, 19
14.3459, 19
14.3489, 19
14.3520, 20
14.3551, 20
14.3581, 21
14.3612, 21
14.3643, 21
14.3674, 21
14.3702, 22
14.3733, 23
14.3764, 23
14.3795, 24
14.3825, 24
14.3856, 23
14.3887, 21
14.3919, 20
14.3952, 19
14.3982, 19
14.4019, 17
14.4060, 15
14.4100, 14
14.4142, 12
14.4183, 11
14.4221, 9
14.4254, 9
14.4286, 5
14.4315, 5
14.4348, 4
14.4380, 3
14.4412, 2
14.4444, 1
14.4487, 0
14.4512, 0
14.4553, 0
14.4571, 0
14.4598, 0
14.4624, 0
14.4653, 0
14.4681, 0
14.4718, 0
14.4748, 0
14.4777, 0
14.4799, 0
14.4821, 0
14.4852, 0
14.4876, 0
14.4910, 0
14.4939, 0
14.4988, 0
14.4996, 0
14.5034, 0
14.5058, 0
14.5084, 0
14.5117, 0
14.5143, 1
14.5171, 1
14.5195, 1
14.5222, 0
14.5247, 0
14.5269, 1
14.5299, 1
14.5327, 2
14.5360, 3
14.5383, 3
14.5423, 4
14.5457, 5
14.5489, 5
14.5526, 5
14.5565, 6
14.5588, 7
14.5623, 7
14.5652, 7
14.5685, 8
14.5707, 9
14.5747, 11
14.5782, 12
14.5813, 13
14.5849, 15
14.5878, 17
14.5903, 16
14.5927, 18
14.5948, 19
14.6007, 20
14.6016, 21
14.6061, 23
14.6084, 20
14.6129, 23
14.6159, 21
14.6189, 22
14.6217, 24
14.6254, 24
14.6283, 24
14.6303, 25
14.6343, 25
14.6375, 24
14.6405, 26
14.6437, 27
14.6470, 26
14.6501, 27
14.6534, 27
14.6570, 28
14.6603, 27
14.6632, 27
14.6667, 19
14.6702, 5
14.6735, 5
14.6765, 3
14.6797, 1
14.6828, 1
14.6861, 0
14.6895, 0
14.6930, 0
14.6961, 0
14.7009, 0
14.7034, 0
14.7058, 0
14.7087, 0
14.7121, 0
14.7153, 0
14.7185, 1
14.7216, 1
14.7247, 0
14.7283, 1
14.7313, 1
14.7349, 2
14.7378, 1
14.7411, 1
14.7452, 1
14.7483, 2
14.7514, 3
14.7542, 4
14.7577, 5
14.7611, 4
14.7646, 4
14.7683, 4
14.7711, 3
14.7742, 3
14.7769, 2
14.7797, 2
14.7846, 2
14.7873, 1
14.7903, 0
14.7935, 0
14.7965, 0
14.7994, 0
14.8029, 0
14.8058, 0
14.8088, 0
14.8166, 0
14.8174, 0
14.8181, 0
14.8226, 0
14.8268, 0
14.8307, 0
14.8344, 0
14.8383, 0
14.8420, 0
14.8457, 1
14.8496, 2
14.8527, 3
14.8564, 4
14.8601, 5
14.8638, 5
14.8673, 5
14.8708, 5
14.8736, 6
14.8774, 8
14.8810, 10
14.8842, 11
14.8890, 11
14.8922, 11
14.8964, 11
14.9009, 9
14.9043, 7
14.9083, 5
14.9127, 5
14.9183, 5
14.9211, 5
14.9241, 4
14.9272, 2
14.9303, 0
14.9339, 0
14.9368, 0
14.9398, 0
14.9419, 0
14.9452, 0
14.9482, 0
14.9515, 1
14.9546, 3
14.9574, 5
14.9606, 7
14.9638, 7
14.9671, 9
14.9704, 10
14.9738, 11
14.9776, 13
14.9809, 14
14.9843, 15
14.9877, 17
14.9911, 12
14.9947, 13
14.9981, 15
15.0014, 15
15.0048, 16
15.0081, 17
15.0115, 17
15.0149, 18
15.0183, 19
15.0218, 19
15.0251, 19
15.0285, 20
15.0319, 21
15.0352, 21
15.0386, 15
15.0420, 15
15.0453, 16
15.0487, 17
15.0520, 17
15.0558, 17
15.0591, 18
15.0624, 19
15.0658, 19
15.0692, 19
15.0728, 21
15.0762, 21
15.0796, 22
15.0829, 1
15.0862, 2
15.0896, 0
15.0930, 2
15.0963, 4
15.0997, 6
15.1030, 8
15.1063, 10
15.1097, 12
15.1131, 14
15.1173, 16
15.1209, 17
15.1241, 17
15.1288, 18
15.1327, 18
15.1378, 19
15.1423, 19
15.1468, 19
15.1515, 19
15.1559, 19
15.1604, 20
15.1648, 21
15.1684, 21
15.1718, 21
15.1755, 22
15.1789, 23
15.1814, 23
15.1859, 23
15.1890, 23
15.1921, 24
15.1953, 25
15.1980, 25
15.2015, 25
15.2044, 26
15.2085, 26
15.2117, 27
15.2147, 27
15.2171, 27
15.2305, 28
15.2316, 29
15.2325, 29
15.2335, 17
15.2354, 14
15.2392, 10
15.2438, 7
15.2482, 4
15.2524, 1
15.2566, 0
15.2606, 0
15.2645, 0
15.2684, 0
15.2717, 0
15.2737, 0
15.2771, 0
15.2805, 0
15.2846, 0
15.2874, 0
15.2907, 0
15.2931, 0
15.2965, 0
15.2999, 0
15.3035, 0
15.3067, 0
15.3101, 0
15.3135, 0
15.3168, 0
15.3203, 0
15.3231, 0
15.3260, 0
15.3287, 0
15.3321, 0
15.3335, 0
15.3373, 0
15.3410, 0
15.3429, 0
15.3456, 0
15.3482, 0
15.3528, 0
15.3565, 0
15.3590, 0
15.3625, 0
15.3651, 0
15.3682, 0
15.3712, 0
15.3758, 0
15.3780, 1
15.3797, 2
15.3822, 3
15.3848, 4
15.3873, 6
15.3903, 7
15.3932, 8
15.3965, 10
15.3989, 11
15.4020, 11
15.4079, 11
15.4095, 10
15.4116, 9
15.4170, 7
15.4182, 6
15.4222, 7
15.4252, 8
15.4284, 7
15.4313, 7
15.4347, 7
15.4381, 5
15.4409, 5
15.4440, 4
15.4472, 3
15.4501, 2
15.4532, 1
15.4562, 0
15.4593, 0
15.4624, 0
15.4656, 0
15.4683, 0
15.4716, 0
15.4729, 0
15.4757, 0
15.4805, 0
15.4837, 0
15.4865, 0
15.4896, 0
15.4909, 0
15.4956, 0
15.4993, 0
15.5013, 0
15.5048, 0
15.5078, 0
15.5107, 0
15.5135, 0
15.5168, 0
15.5198, 0
15.5227, 0
15.5260, 0
15.5290, 0
15.5319, 0
15.5357, 0
15.5403, 0
15.5424, 0
15.5445, 0
15.5473, 0
15.5507, 1
15.5529, 1
15.5547, 1
15.5579, 1
15.5621, 1
15.5651, 1
15.5677, 1
15.5707, 1
15.5738, 1
15.5770, 1
15.5802, 1
15.5835, 1
15.5866, 0
15.5895, 0
15.5919, 1
15.5962, 1
15.5991, 2
15.6034, 2
15.6055, 3
15.6085, 3
15.6101, 3
15.6157, 4
15.6198, 5
15.6233, 7
15.6265, 7
15.6308, 7
15.6344, 7
15.6363, 9
15.6398, 9
15.6442, 9
15.6472, 7
15.6521, 6
15.6553, 6
15.6563, 7
15.6801, 6
15.6810, 5
15.6819, 5
15.6828, 4
15.6837, 4
15.6847, 4
15.6856, 3
15.6879, 3
15.6889, 5
15.6899, 6
15.6908, 7
15.6918, 8
15.6941, 9
15.6965, 9
15.7009, 10
15.7045, 11
15.7065, 12
15.7100, 13
15.7144, 13
15.7165, 13
15.7214, 13
15.7246, 11
15.7275, 11
15.7301, 9
15.7337, 9
15.7375, 7
15.7409, 7
15.7444, 5
15.7478, 4
15.7514, 3
15.7555, 1
15.7599, 0
15.7636, 0
15.7658, 0
15.7686, 0
15.7720, 0
15.7748, 0
15.7775, 0
15.7829, 0
15.7864, 0
15.7900, 0
15.7942, 0
15.7984, 0
15.8012, 0
15.8044, 0
15.8097, 0
15.8135, 0
15.8182, 0
15.8223, 1
15.8262, 3
15.8303, 5
15.8357, 7
15.8365, 5
15.8423, 3
15.8460, 2
15.8504, 2
15.8540, 3
15.8592, 5
15.8621, 5
15.8658, 6
15.8702, 4
15.8744, 5
15.8782, 5
15.8818, 5
15.8851, 4
15.8887, 4
15.8937, 4
15.8978, 0
15.9044, 1
15.9079, 0
15.9116, 1
15.9142, 3
15.9165, 4
15.9215, 4
15.9248, 3
15.9285, 5
15.9320, 5
15.9356, 5
15.9383, 6
15.9425, 4
15.9469, 1
15.9522, 3
15.9548, 2
15.9559, 0
15.9628, 0
15.9637, 0
15.9644, 0
15.9661, 0
15.9696, 0
15.9729, 2
15.9761, 2
15.9810, 1
15.9840, 1
15.9875, 1
15.9927, 1
15.9961, 0
16.0006, 0
16.0034, 0
16.0058, 0
16.0095, 0
16.0138, 0
16.0159, 0
16.0194, 0
16.0238, 0
16.0275, 0
16.0317, 1
16.0351, 1
16.0390, 1
16.0425, 2
16.0460, 3
16.0499, 5
16.0533, 7
16.0570, 8
16.0609, 9
16.0652, 11
16.0699, 11
16.0733, 12
16.0761, 12
16.0788, 11
16.0813, 11
16.0843, 5
16.0875, 7
16.0900, 4
16.0925, 6
16.0951, 8
16.0978, 10
16.1005, 12
16.1069, 14
16.1093, 16
16.1118, 18
16.1144, 20
16.1174, 17
16.1195, 17
16.1220, 19
16.1243, 18
16.1268, 19
16.1292, 19
16.1318, 19
16.1340, 19
16.1380, 21
16.1400, 22
16.1429, 23
16.1446, 22
16.1479, 24
16.1491, 24
16.1522, 25
16.1548, 26
16.1581, 27
16.1635, 29
16.1668, 31
16.1693, 32
16.1733, 33
16.1759, 34
16.1791, 35
16.1832, 35
16.1858, 36
16.1884, 37
16.1909, 37
16.1942, 39
16.1986, 39
16.2011, 40
16.2061, 41
16.2088, 43
16.2113, 43
16.2127, 45
16.2161, 46
16.2178, 48
16.2211, 48
16.2224, 49
16.2253, 50
16.2273, 52
16.2300, 53
16.2324, 53
16.2348, 55
16.2373, 56
16.2399, 58
16.2424, 58
16.2451, 60
16.2477, 62
16.2500, 45
16.2526, 47
16.2551, 49
16.2572, 51
16.2597, 53
16.2631, 55
16.2655, 57
16.2690, 58
16.2709, 60
16.2739, 61
16.2763, 62
16.2799, 62
16.2823, 60
16.2851, 57
16.2882, 55
16.2912, 54
16.2942, 52
16.2972, 51
16.3002, 49
16.3031, 47
16.3059, 46
16.3087, 43
16.3116, 39
16.3145, 37
16.3174, 35
16.3203, 37
16.3237, 39
16.3266, 41
16.3295, 43
16.3324, 44
16.3352, 45
16.3380, 47
16.3408, 48
16.3439, 49
16.3470, 51
16.3500, 51
16.3531, 53
16.3562, 54
16.3592, 54
16.3622, 55
16.3652, 57
16.3683, 58
16.3713, 59
16.3746, 61
16.3776, 61
16.3807, 63
16.3829, 63
16.3867, 63
16.3889, 63
16.3928, 63
16.3950, 63
16.3989, 63
16.4019, 63
16.4050, 63
16.4080, 61
16.4111, 62
16.4141, 61
16.4172, 59
16.4202, 61
16.4232, 59
16.4262, 59
16.4293, 59
16.4324, 57
16.4354, 57
16.4385, 57
16.4416, 57
16.4446, 57
16.4502, 55
16.4532, 55
16.4562, 57
16.4594, 55
16.4624, 55
16.4654, 53
16.4685, 51
16.4715, 49
16.4746, 46
16.4777, 43
16.4807, 40
16.4838, 37
16.4868, 34
16.4899, 31
16.4930, 28
16.4960, 25
16.4991, 23
16.5023, 21
16.5053, 19
16.5083, 16
16.5113, 15
16.5144, 12
16.5174, 11
16.5205, 11
16.5236, 12
16.5266, 13
16.5297, 13
16.5327, 14
16.5355, 15
16.5384, 16
16.5412, 16
16.5440, 17
16.5469, 17
16.5498, 18
16.5527, 20
16.5556, 22
16.5584, 24
16.5613, 26
16.5641, 20
16.5671, 20
16.5699, 16
16.5728, 16
16.5757, 15
16.5786, 15
16.5814, 15
16.5843, 14
16.5872, 15
16.5900, 15
16.5929, 15
16.5958, 10
16.5988, 2
16.6028, 0
16.6058, 0
16.6090, 0
16.6123, 0
16.6156, 0
16.6189, 0
16.6229, 1
16.6255, 0
16.6288, 1
16.6321, 3
16.6354, 3
16.6387, 0
16.6420, 1
16.6454, 3
16.6487, 3
16.6521, 3
16.6553, 3
16.6586, 0
16.6619, 1
16.6652, 3
16.6685, 5
16.6718, 3
16.6751, 1
16.6781, 2
16.6813, 4
16.6845, 0
16.6877, 1
16.6907, 2
16.6939, 3
16.6969, 4
16.7001, 5
16.7034, 6
16.7067, 7
16.7099, 8
16.7131, 7
16.7163, 8
16.7196, 9
16.7229, 9
16.7261, 9
16.7294, 10
16.7326, 11
16.7359, 11
16.7394, 11
16.7427, 11
16.7459, 12
16.7492, 12
16.7524, 13
16.7557, 13
16.7589, 13
16.7621, 13
16.7653, 14
16.7685, 14
16.7717, 15
16.7750, 15
16.7779, 15
16.7810, 16
16.7841, 17
16.7871, 17
16.7902, 17
16.7934, 17
16.7966, 18
16.7997, 18
16.8026, 19
16.8059, 19
16.8090, 19
16.8119, 19
16.8150, 19
16.8182, 20
16.8213, 21
16.8243, 21
16.8273, 21
16.8304, 22
16.8334, 23
16.8364, 23
16.8396, 23
16.8427, 24
16.8459, 24
16.8488, 25
16.8517, 25
16.8547, 25
16.8574, 26
16.8604, 27
16.8633, 27
16.8662, 27
16.8700, 27
16.8725, 27
16.8757, 29
16.8788, 29
16.8816, 29
16.8842, 29
16.8872, 31
16.8899, 31
16.8927, 25
16.8963, 25
16.8992, 25
16.9010, 25
16.9037, 24
16.9072, 25
16.9119, 25
16.9141, 25
16.9171, 25
16.9213, 25
16.9233, 25
16.9249, 25
16.9283, 25
16.9309, 25
16.9333, 25
16.9363, 25
16.9390, 25
16.9421, 25
16.9450, 25
16.9478, 25
16.9509, 25
16.9540, 25
16.9575, 25
16.9601, 25
16.9631, 25
16.9672, 25
16.9700, 25
16.9732, 25
16.9760, 25
16.9816, 25
16.9835, 25
16.9873, 25
16.9908, 26
16.9938, 27
16.9964, 29
17.0012, 31
17.0030, 33
17.0046, 33
17.0085, 33
17.0100, 33
17.0144, 32
17.0171, 33
17.0201, 33
17.0218, 33
17.0244, 33
17.0276, 33
17.0310, 33
17.0335, 33
17.0368, 34
17.0401, 33
17.0434, 31
17.0463, 31
17.0495, 29
17.0532, 29
17.0569, 27
17.0600, 27
17.0627, 26
17.0663, 25
17.0689, 23
17.0724, 23
17.0758, 23
17.0792, 23
17.0830, 23
17.0897, 23
17.0912, 23
17.0941, 23
17.0962, 23
17.0995, 23
17.1021, 22
17.1044, 21
17.1066, 21
17.1101, 21
17.1127, 21
17.1158, 21
17.1181, 21
17.1210, 22
17.1239, 23
17.1268, 23
17.1297, 23
17.1325, 23
17.1506, 23
17.1531, 23
17.1662, 23
17.1670, 23
17.1678, 23
17.1687, 23
17.1698, 23
17.1711, 23
17.1732, 23
17.1746, 22
17.1767, 22
17.1781, 21
17.1805, 20
17.1837, 19
17.1865, 19
17.1883, 18
17.1903, 18
17.1937, 18
17.1964, 18
17.1984, 18
17.2030, 18
17.2052, 19
17.2102, 18
17.2223, 19
17.2260, 19
17.2290, 19
17.2326, 19
17.2379, 19
17.2408, 19
17.2435, 20
17.2466, 20
17.2482, 20
17.2491, 20
17.2502, 20
17.2511, 19
17.2520, 19
17.2530, 19
17.2539, 20
17.2564, 20
17.2593, 20
17.2615, 20
17.2643, 20
17.2672, 20
17.2701, 18
17.2730, 18
17.2760, 17
17.2788, 13
17.2817, 13
17.2848, 13
17.2879, 11
17.2910, 5
17.2940, 4
17.2970, 2
17.3000, 1
17.3036, 0
17.3065, 0
17.3095, 0
17.3118, 2
17.3154, 4
17.3184, 0
17.3214, 0
17.3230, 0
17.3262, 0
17.3293, 0
17.3322, 0
17.3354, 2
17.3383, 0
17.3413, 1
17.3444, 1
17.3473, 0
17.3504, 1
17.3535, 3
17.3566, 3
17.3598, 5
17.3629, 4
17.3661, 3
17.3691, 5
17.3724, 4
17.3755, 4
17.3787, 5
17.3818, 3
17.3849, 1
17.3880, 0
17.3910, 0
17.3942, 0
17.3972, 0
17.4003, 0
17.4034, 0
17.4064, 0
17.4095, 0
17.4127, 0
17.4160, 1
17.4179, 2
17.4209, 0
17.4246, 0
17.4274, 0
17.4292, 0
17.4330, 0
17.4363, 0
17.4391, 0
17.4418, 0
17.4443, 0
17.4470, 0
17.4495, 0
17.4520, 0
17.4546, 0
17.4572, 0
17.4601, 0
17.4637, 0
17.4660, 1
17.4686, 0
17.4708, 0
17.4728, 0
17.4761, 0
17.4824, 0
17.4849, 0
17.4879, 0
17.4909, 0
17.4939, 0
17.4968, 0
17.4984, 0
17.4994, 0
17.5015, 1
17.5040, 1
17.5061, 2
17.5088, 3
17.5112, 1
17.5135, 2
17.5160, 3
17.5183, 4
17.5206, 0
17.5235, 0
17.5260, 0
17.5283, 1
17.5307, 1
17.5331, 3
17.5355, 0
17.5381, 0
17.5404, 0
17.5427, 1
17.5449, 1
17.5479, 3
17.5502, 2
17.5526, 1
17.5549, 0
17.5573, 0
17.5596, 0
17.5619, 0
17.5643, 0
17.5670, 0
17.5690, 1
17.5714, 3
17.5738, 4
17.5762, 6
17.5786, 7
17.5810, 5
17.5834, 5
17.5858, 5
17.5881, 4
17.5913, 3
17.5938, 3
17.5961, 1
17.5986, 1
17.6011, 1
17.6035, 3
17.6058, 5
17.6082, 5
17.6106, 5
17.6127, 5
17.6144, 5
17.6168, 6
17.6199, 7
17.6222, 7
17.6246, 8
17.6269, 8
17.6294, 5
17.6319, 5
17.6343, 1
17.6365, 1
17.6393, 0
17.6415, 0
17.6440, 0
17.6469, 0
17.6484, 0
17.6512, 0
17.6537, 0
17.6563, 0
17.6583, 0
17.6610, 0
17.6634, 0
17.6658, 1
17.6682, 1
17.6712, 1
17.6735, 1
17.6759, 1
17.6786, 1
17.6811, 2
17.6838, 2
17.6861, 3
17.6888, 3
17.6904, 3
17.6952, 3
17.6970, 3
17.7023, 4
17.7051, 4
17.7072, 5
17.7138, 5
17.7162, 5
17.7190, 7
17.7222, 7
17.7270, 7
17.7321, 7
17.7339, 7
17.7382, 7
17.7391, 7
17.7417, 7
17.7434, 8
17.7473, 8
17.7491, 9
17.7523, 8
17.7542, 5
17.7565, 5
17.7590, 5
17.7617, 6
17.7645, 6
17.7669, 8
17.7694, 8
17.7715, 8
17.7743, 9
17.7764, 9
17.7793, 10
17.7817, 11
17.7843, 11
17.7862, 12
17.7892, 13
17.7912, 13
17.7940, 14
17.7972, 15
17.7997, 15
17.8023, 15
17.8048, 15
17.8072, 17
17.8094, 17
17.8118, 18
17.8143, 19
17.8180, 19
17.8189, 20
17.8209, 19
17.8255, 21
17.8293, 21
17.8323, 21
17.8346, 21
17.8371, 21
17.8422, 21
17.8459, 21
17.8480, 21
17.8517, 21
17.8552, 22
17.8580, 22
17.8593, 21
17.8632, 21
17.8661, 21
17.8687, 21
17.8714, 21
17.8740, 21
17.8767, 21
17.8802, 21
17.8827, 21
17.8843, 19
17.8874, 17
17.8906, 17
17.8936, 19
17.8972, 21
17.9021, 21
17.9031, 21
17.9089, 22
17.9120, 23
17.9159, 23
17.9201, 22
17.9245, 23
17.9282, 25
17.9316, 23
17.9357, 23
17.9395, 21
17.9424, 22
17.9446, 23
17.9471, 25
17.9506, 26
17.9535, 27
17.9574, 29
17.9615, 29
17.9657, 31
17.9699, 33
17.9740, 33
17.9779, 35
17.9820, 37
17.9858, 37
17.9891, 38
17.9932, 40
17.9965, 40
17.9997, 40
18.0038, 42
18.0087, 43
18.0120, 44
18.0162, 46
18.0214, 46
18.0257, 48
18.0278, 47
18.0309, 47
18.0352, 47
18.0369, 48
18.0398, 48
18.0433, 48
18.0464, 47
18.0492, 48
18.0553, 46
18.0592, 46
18.0628, 46
18.0667, 48
18.0706, 49
18.0757, 50
18.0786, 52
18.0817, 54
18.0847, 55
18.0876, 52
18.0909, 49
18.0942, 46
18.0981, 44
18.1018, 41
18.1051, 39
18.1085, 37
18.1120, 35
18.1151, 33
18.1176, 31
18.1247, 29
18.1278, 26
18.1299, 23
18.1322, 22
18.1343, 20
18.1368, 19
18.1395, 19
18.1428, 18
18.1456, 19
18.1491, 19
18.1510, 19
18.1538, 19
18.1552, 19
18.1575, 20
18.1601, 20
18.1633, 21
18.1664, 21
18.1694, 21
18.1724, 21
18.1750, 22
18.1783, 22
18.1815, 22
18.1845, 23
18.1876, 23
18.1909, 23
18.1941, 23
18.1972, 23
18.2004, 25
18.2036, 25
18.2066, 25
18.2098, 25
18.2130, 26
18.2160, 26
18.2191, 25
18.2222, 27
18.2254, 27
18.2284, 28
18.2316, 29
18.2346, 29
18.2378, 31
18.2406, 31
18.2434, 32
18.2463, 33
18.2491, 34
18.2523, 35
18.2546, 35
18.2571, 36
18.2591, 37
18.2632, 37
18.2645, 38
18.2659, 39
18.2686, 39
18.2713, 39
18.2738, 38
18.2764, 35
18.2791, 34
18.2816, 33
18.2841, 31
18.2868, 31
18.2895, 30
18.2914, 29
18.2938, 29
18.2965, 27
18.2988, 26
18.3013, 25
18.3039, 24
18.3065, 23
18.3088, 22
18.3114, 21
18.3138, 21
18.3162, 19
18.3188, 19
18.3213, 19
18.3236, 19
18.3260, 20
18.3285, 21
18.3310, 21
18.3356, 22
18.3381, 21
18.3411, 19
18.3432, 15
18.3456, 11
18.3480, 9
18.3503, 7
18.3531, 7
18.3560, 6
18.3593, 5
18.3621, 5
18.3650, 0
18.3682, 0
18.3711, 1
18.3740, 0
18.3772, 0
18.3801, 0
18.3832, 0
18.3861, 0
18.3903, 0
18.3931, 0
18.3964, 1
18.3996, 1
18.4054, 3
18.4085, 5
18.4113, 7
18.4135, 9
18.4165, 11
18.4203, 13
18.4235, 15
18.4267, 15
18.4297, 15
18.4328, 16
18.4360, 17
18.4393, 17
18.4423, 17
18.4455, 17
18.4486, 17
18.4528, 17
18.4555, 17
18.4590, 17
18.4615, 17
18.4653, 17
18.4674, 17
18.4715, 18
18.4730, 18
18.4778, 18
18.4813, 19
18.4845, 19
18.4879, 19
18.4907, 19
18.4941, 19
18.4980, 19
18.5009, 19
18.5035, 19
18.5066, 21
18.5096, 21
18.5129, 21
18.5153, 21
18.5177, 21
18.5216, 22
18.5242, 22
18.5258, 23
18.5296, 23
18.5326, 23
18.5362, 21
18.5388, 19
18.5418, 18
18.5448, 19
18.5480, 21
18.5511, 23
18.5545, 25
18.5575, 26
18.5604, 27
18.5635, 26
18.5667, 26
18.5697, 25
18.5729, 26
18.5759, 25
18.5789, 25
18.5821, 26
18.5852, 27
18.5884, 27
18.5956, 25
18.5987, 23
18.6002, 24
18.6036, 25
18.6073, 23
18.6091, 24
18.6121, 23
18.6152, 23
18.6184, 23
18.6211, 23
18.6229, 21
18.6250, 21
18.6282, 19
18.6313, 18
18.6340, 19
18.6370, 15
18.6387, 17
18.6404, 17
18.6434, 15
18.6465, 11
18.6493, 13
18.6518, 11
18.6547, 11
18.6569, 10
18.6587, 9
18.6621, 7
18.6632, 6
18.6653, 4
18.6703, 5
18.6713, 0
18.6745, 0
18.6786, 0
18.6802, 0
18.6827, 1
18.6845, 1
18.6871, 2
18.6885, 3
18.6926, 2
18.6949, 2
18.7010, 3
18.7036, 3
18.7050, 3
18.7077, 3
18.7104, 0
18.7176, 0
18.7187, 0
18.7213, 0
18.7235, 0
18.7262, 0
18.7272, 0
18.7306, 0
18.7331, 0
18.7365, 0
18.7398, 0
18.7440, 0
18.7451, 0
18.7483, 0
18.7529, 1
18.7553, 0
18.7580, 0
18.7590, 0
18.7616, 0
18.7650, 0
18.7680, 0
18.7711, 0
18.7739, 0
18.7773, 0
18.7803, 0
18.7847, 0
18.7857, 0
18.7897, 0
18.7907, 0
18.7933, 0
18.7965, 0
18.7980, 0
18.8009, 0
18.8059, 0
18.8090, 0
18.8121, 0
18.8142, 0
18.8173, 2
18.8212, 5
18.8233, 6
18.8255, 4
18.8276, 0
18.8294, 0
18.8325, 0
18.8355, 0
18.8382, 1
18.8409, 0
18.8441, 0
18.8456, 0
18.8482, 2
18.8498, 0
18.8519, 0
18.8540, 0
18.8572, 1
18.8593, 0
18.8615, 0
18.8646, 0
18.8686, 0
18.8717, 1
18.8738, 0
18.8760, 0
18.8780, 0
18.8802, 0
18.8823, 0
18.8855, 0
18.8888, 0
18.8923, 0
18.8942, 0
18.8974, 0
18.9011, 0
18.9061, 0
18.9071, 1
18.9108, 1
18.9156, 1
18.9167, 1
18.9227, 1
18.9236, 0
18.9263, 0
18.9296, 0
18.9326, 0
18.9360, 0
18.9383, 0
18.9413, 0
18.9445, 0
18.9469, 0
18.9503, 0
18.9535, 0
18.9570, 0
18.9591, 0
18.9615, 0
18.9665, 1
18.9694, 2
18.9711, 0
18.9737, 0
18.9780, 0
18.9812, 0
18.9851, 0
18.9876, 0
18.9896, 0
18.9933, 0
18.9962, 0
19.0004, 1
19.0048, 0
19.0074, 0
19.0084, 0
19.0134, 0
19.0164, 0
19.0180, 0
19.0236, 0
19.0248, 0
19.0283, 0
19.0307, 0
19.0332, 1
19.0403, 2
19.0416, 3
19.0436, 2
19.0454, 4
19.0490, 4
19.0502, 5
19.0557, 7
19.0568, 7
19.0586, 8
19.0615, 8
19.0644, 9
19.0670, 10
19.0693, 11
19.0763, 12
19.0798, 12
19.0805, 5
19.0826, 6
19.0860, 8
19.0907, 10
19.0965, 12
19.0991, 13
19.1022, 13
19.1053, 13
19.1120, 13
19.1139, 13
19.1197, 13
19.1219, 11
19.1292, 7
19.1303, 4
19.1375, 1
19.1414, 0
19.1458, 0
19.1470, 0
19.1485, 0
19.1510, 0
19.1560, 0
19.1657, 0
19.1668, 0
19.1679, 0
19.1710, 0
19.1739, 0
19.1782, 0
19.1806, 0
19.1868, 0
19.1926, 0
19.1936, 0
19.1953, 0
19.1963, 0
19.2011, 0
19.2021, 0
19.2032, 0
19.2058, 0
19.2148, 0
19.2202, 0
19.2219, 0
19.2241, 0
19.2253, 0
19.2276, 1
19.2297, 0
19.2309, 0
19.2350, 0
19.2382, 0
19.2423, 0
19.2452, 0
19.2541, 0
19.2550, 0
19.2558, 0
19.2566, 1
19.2581, 0
19.2590, 0
19.2627, 0
19.2638, 0
19.2662, 0
19.2697, 0
19.2724, 0
19.2746, 0
19.2769, 0
19.2792, 0
19.2815, 0
19.2859, 1
19.2895, 0
19.2930, 0
19.2973, 0
19.3002, 1
19.3028, 2
19.3056, 1
19.3088, 3
19.3120, 2
19.3154, 3
19.3187, 5
19.3233, 2
19.3275, 3
19.3304, 5
19.3361, 3
19.3390, 5
19.3403, 7
19.3432, 2
19.3480, 5
19.3495, 7
19.3536, 9
19.3582, 11
19.3613, 13
19.3656, 14
19.3703, 15
19.3749, 16
19.3797, 15
19.3843, 15
19.3889, 16
19.3935, 16
19.3967, 18
19.3998, 9
19.4022, 10
19.4070, 8
19.4125, 9
19.4345, 11
19.4452, 6
19.4457, 6
19.4463, 8
19.4471, 5
19.4480, 5
19.4486, 7
19.4491, 8
19.4499, 5
19.4566, 6
19.4576, 3
19.4591, 4
19.4604, 5
19.4614, 5
19.4623, 6
19.4656, 6
19.4709, 6
19.4714, 7
19.4731, 9
19.4754, 11
19.4783, 7
19.4806, 9
19.4834, 10
19.4863, 8
19.4892, 9
19.4913, 10
19.4935, 9
19.4956, 9
19.4977, 10
19.5000, 12
19.5026, 14
19.5059, 16
19.5101, 18
19.5106, 20
19.5162, 22
19.5197, 9
19.5248, 11
19.5277, 11
19.5305, 11
19.5331, 10
19.5362, 11
19.5390, 12
19.5417, 14
19.5445, 14
19.5474, 15
19.5498, 15
19.5523, 17
19.5550, 19
19.5574, 21
19.5600, 23
19.5611, 25
19.5636, 27
19.5661, 29
19.5678, 31
19.5715, 33
19.5743, 19
19.5759, 21
19.5773, 23
19.5789, 25
19.5829, 21
19.5852, 21
19.5867, 23
19.5884, 24
19.5907, 26
19.5949, 22
19.5975, 22
19.6010, 24
19.6043, 23
19.6068, 22
19.6098, 24
19.6134, 23
19.6164, 25
19.6188, 24
19.6223, 25
19.6262, 25
19.6280, 23
19.6333, 22
19.6359, 20
19.6393, 19
19.6420, 17
19.6448, 15
19.6477, 13
19.6502, 13
19.6519, 11
19.6546, 9
19.6584, 8
19.6609, 7
19.6653, 6
19.6677, 7
19.6703, 7
19.6730, 6
19.6751, 8
19.6784, 7
19.6812, 8
19.6845, 7
19.6857, 9
19.6886, 10
19.6915, 9
19.6946, 9
19.6969, 11
19.6996, 9
19.7016, 10
19.7044, 12
19.7070, 14
19.7097, 11
19.7124, 13
19.7160, 15
19.7205, 12
19.7274, 14
19.7323, 16
19.7354, 12
19.7381, 14
19.7410, 13
19.7437, 15
19.7453, 16
19.7477, 17
19.7506, 17
19.7531, 18
19.7558, 20
19.7588, 20
19.7613, 21
19.7633, 22
19.7650, 23
19.7688, 22
19.7707, 22
19.7752, 21
19.7786, 20
19.7814, 18
19.7843, 16
19.7876, 14
19.7908, 13
19.7938, 12
19.7967, 11
19.7994, 10
19.8022, 7
19.8047, 6
19.8074, 8
19.8164, 8
19.8189, 10
19.8218, 9
19.8248, 10
19.8260, 10
19.8278, 11
19.8289, 6
19.8312, 7
19.8330, 6
19.8346, 6
19.8366, 7
19.8378, 8
19.8394, 9
19.8410, 10
19.8426, 11
19.8450, 10
19.8474, 9
19.8498, 7
19.8508, 5
19.8532, 3
19.8545, 1
19.8560, 0
19.8578, 0
19.8607, 0
19.8631, 0
19.8648, 0
19.8672, 0
19.8695, 0
19.8728, 0
19.8759, 0
19.8784, 0
19.8805, 0
19.8830, 0
19.8849, 0
19.8874, 0
19.8903, 0
19.8936, 0
19.8967, 0
19.8998, 0
19.9028, 0
19.9060, 0
19.9091, 0
19.9123, 0
19.9154, 0
19.9184, 0
19.9215, 0
19.9246, 0
19.9275, 0
19.9305, 0
19.9335, 0
19.9366, 0
19.9397, 0
19.9427, 0
19.9458, 0
19.9488, 0
19.9519, 0
19.9549, 0
19.9579, 0
19.9599, 0
19.9625, 0
19.9652, 0
19.9673, 0
19.9713, 0
19.9736, 0
19.9764, 0
19.9787, 0
19.9829, 0
19.9864, 0
19.9890, 0
19.9910, 0
19.9950, 0
19.9971, 0
20.0006, 0
20.0042, 0
20.0078, 0
20.0104, 0
20.0126, 0
20.0175, 0
20.0205, 0
20.0234, 0
20.0296, 0
20.0316, 0
20.0329, 0
20.0363, 0
20.0382, 0
20.0419, 0
20.0516, 0
20.0535, 0
20.0545, 0
20.0554, 0
20.0560, 0
20.0564, 0
20.0625, 0
20.0636, 0
20.0667, 0
20.0698, 0
20.0711, 0
20.0746, 0
20.0785, 0
20.0813, 0
20.0853, 0
20.0879, 1
20.0917, 1
20.0964, 2
20.0977, 3
20.1014, 3
20.1029, 5
20.1046, 6
20.1075, 5
20.1108, 6
20.1138, 6
20.1168, 7
20.1201, 7
20.1236, 7
20.1280, 7
20.1312, 7
20.1349, 9
20.1380, 9
20.1427, 10
20.1474, 10
20.1525, 12
20.1547, 14
20.1573, 11
20.1598, 13
20.1624, 15
20.1653, 17
20.1676, 19
20.1711, 13
20.1741, 13
20.1770, 14
20.1797, 16
20.1824, 14
20.1847, 11
20.1874, 13
20.1901, 13
20.1927, 15
20.1952, 17
20.1978, 17
20.2003, 19
20.2027, 20
20.2053, 21
20.2077, 22
20.2102, 23
20.2126, 25
20.2153, 25
20.2180, 23
20.2206, 25
20.2233, 25
20.2258, 27
20.2282, 27
20.2312, 29
20.2349, 31
20.2362, 31
20.2416, 33
20.2451, 34
20.2474, 35
20.2488, 37
20.2517, 38
20.2546, 39
20.2573, 40
20.2602, 41
20.2621, 43
20.2649, 43
20.2674, 45
20.2704, 46
20.2727, 47
20.2750, 49
20.2777, 50
20.2814, 51
20.2843, 53
20.2871, 53
20.2899, 55
20.2927, 56
20.2957, 57
20.2986, 59
20.3013, 59
20.3034, 58
20.3062, 57
20.3095, 54
20.3125, 53
20.3151, 49
20.3180, 47
20.3209, 45
20.3238, 44
20.3262, 43
20.3290, 41
20.3319, 39
20.3347, 39
20.3371, 37
20.3397, 35
20.3421, 35
20.3445, 34
20.3469, 35
20.3493, 37
20.3541, 39
20.3552, 35
20.3586, 27
20.3605, 26
20.3632, 25
20.3657, 23
20.3686, 22
20.3717, 21
20.3747, 20
20.3777, 19
20.3808, 17
20.3838, 15
20.3863, 14
20.3892, 13
20.3934, 2
20.3979, 1
20.4013, 0
20.4029, 0
20.4054, 0
20.4081, 0
20.4109, 0
20.4137, 0
20.4158, 0
20.4181, 0
20.4204, 0
20.4229, 0
20.4254, 0
20.4292, 0
20.4315, 0
20.4354, 0
20.4372, 1
20.4403, 2
20.4446, 3
20.4471, 4
20.4509, 3
20.4552, 0
20.4586, 1
20.4619, 0
20.4657, 0
20.4698, 0
20.4708, 0
20.4776, 0
20.4785, 0
20.4836, 0
20.4877, 0
20.4913, 0
20.4950, 0
20.5015, 2
20.5031, 3
20.5062, 5
20.5090, 5
20.5104, 6
20.5138, 8
20.5171, 8
20.5191, 8
20.5223, 9
20.5251, 9
20.5282, 9
20.5311, 10
20.5331, 10
20.5361, 11
20.5392, 11
20.5423, 12
20.5454, 11
20.5485, 13
20.5516, 14
20.5547, 15
20.5578, 15
20.5609, 15
20.5639, 17
20.5671, 16
20.5702, 18
20.5733, 20
20.5763, 22
20.5794, 19
20.5825, 18
20.5855, 16
20.5885, 14
20.5921, 12
20.5964, 11
20.6012, 8
20.6045, 6
20.6065, 3
20.6107, 0
20.6128, 0
20.6156, 0
20.6200, 0
20.6231, 0
20.6265, 0
20.6289, 0
20.6315, 0
20.6358, 0
20.6382, 0
20.6413, 2
20.6442, 4
20.6471, 6
20.6492, 2
20.6531, 0
20.6560, 0
20.6590, 0
20.6613, 2
20.6660, 0
20.6693, 0
20.6714, 0
20.6744, 0
20.6781, 0
20.6806, 0
20.6836, 0
20.6853, 0
20.6875, 0
20.6910, 0
20.6940, 0
20.6972, 0
20.7002, 0
20.7034, 0
20.7064, 1
20.7085, 0
20.7124, 0
20.7155, 0
20.7176, 0
20.7197, 0
20.7225, 0
20.7245, 0
20.7275, 1
20.7298, 0
20.7316, 0
20.7341, 1
20.7368, 0
20.7411, 0
20.7432, 0
20.7484, 0
20.7524, 0
20.7546, 0
20.7577, 0
20.7608, 0
20.7639, 0
20.7671, 0
20.7701, 0
20.7732, 0
20.7762, 0
20.7793, 0
20.7828, 0
20.7847, 0
20.7875, 0
20.7917, 0
20.7942, 0
20.7967, 0
20.7993, 0
20.8021, 0
20.8052, 0
20.8082, 0
20.8108, 0
20.8158, 0
20.8190, 0
20.8222, 0
20.8253, 0
20.8284, 0
20.8315, 0
20.8346, 0
20.8376, 0
20.8415, 0
20.8446, 0
20.8480, 0
20.8511, 0
20.8542, 0
20.8573, 0
20.8604, 0
20.8637, 0
20.8666, 0
20.8712, 0
20.8750, 0
20.8781, 1
20.8812, 1
20.8844, 0
20.8873, 0
20.8904, 0
20.8936, 0
20.8966, 0
20.8997, 0
20.9027, 0
20.9058, 1
20.9088, 1
20.9119, 0
20.9142, 0
20.9176, 0
20.9201, 1
20.9234, 1
20.9278, 1
20.9298, 1
20.9344, 1
20.9387, 1
20.9434, 2
20.9475, 1
20.9514, 0
20.9554, 0
20.9602, 0
20.9622, 0
20.9652, 0
20.9678, 0
20.9708, 0
20.9736, 0
20.9765, 0
20.9796, 1
20.9829, 1
20.9906, 1
20.9935, 3
20.9965, 3
20.9997, 5
21.0023, 5
21.0053, 7
21.0083, 8
21.0105, 9
21.0135, 10
21.0166, 11
21.0196, 11
21.0219, 4
21.0240, 4
21.0261, 6
21.0292, 0
21.0324, 0
21.0345, 0
21.0369, 0
21.0391, 0
21.0421, 0
21.0452, 0
21.0475, 0
21.0514, 0
21.0540, 0
21.0604, 0
21.0634, 0
21.0663, 2
21.0693, 0
21.0724, 0
21.0756, 0
21.0793, 0
21.0823, 0
21.0860, 0
21.0928, 0
21.0946, 0
21.0974, 0
21.1008, 0
21.1049, 1
21.1078, 1
21.1115, 1
21.1135, 3
21.1168, 3
21.1195, 5
21.1228, 5
21.1253, 6
21.1273, 7
21.1294, 9
21.1312, 7
21.1328, 5
21.1348, 0
21.1374, 0
21.1388, 0
21.1431, 0
21.1475, 0
21.1509, 0
21.1539, 0
21.1576, 0
21.1599, 0
21.1633, 0
21.1665, 0
21.1714, 0
21.1757, 0
21.1815, 0
21.1891, 2
21.1910, 3
21.1955, 6
21.1984, 7
21.2026, 8
21.2064, 9
21.2082, 9
21.2105, 9
21.2133, 4
21.2168, 3
21.2207, 1
21.2243, 0
21.2275, 0
21.2318, 0
21.2359, 0
21.2398, 0
21.2437, 0
21.2471, 0
21.2533, 0
21.2544, 0
21.2561, 0
21.2593, 0
21.2625, 0
21.2657, 2
21.2689, 4
21.2724, 6
21.2755, 8
21.2793, 10
21.2821, 7
21.2855, 7
21.2887, 5
21.2922, 3
21.2953, 1
21.2988, 0
21.3020, 0
21.3053, 0
21.3084, 0
21.3116, 0
21.3147, 0
21.3178, 0
21.3210, 0
21.3246, 0
21.3274, 0
21.3306, 0
21.3339, 1
21.3371, 1
21.3403, 1
21.3435, 2
21.3468, 3
21.3498, 4
21.3531, 5
21.3562, 5
21.3594, 5
21.3629, 5
21.3660, 5
21.3692, 4
21.3724, 1
21.3757, 0
21.3790, 0
21.3823, 0
21.3856, 0
21.3887, 0
21.3919, 0
21.3951, 0
21.3983, 1
21.4017, 3
21.4050, 5
21.4072, 6
21.4096, 3
21.4119, 2
21.4143, 2
21.4176, 2
21.4214, 1
21.4238, 0
21.4284, 0
21.4323, 0
21.4356, 0
21.4383, 0
21.4414, 0
21.4447, 0
21.4473, 0
21.4503, 0
21.4540, 0
21.4567, 0
21.4596, 0
21.4632, 0
21.4663, 0
21.4694, 0
21.4718, 0
21.4755, 0
21.4773, 0
21.4809, 0
21.4823, 0
21.4850, 0
21.4886, 0
21.4904, 0
21.4932, 0
21.4964, 0
21.4993, 0
21.5020, 0
21.5046, 0
21.5077, 0
21.5105, 0
21.5136, 0
21.5167, 0
21.5198, 0
21.5229, 0
21.5260, 0
21.5291, 0
21.5321, 0
21.5352, 0
21.5383, 0
21.5414, 0
21.5445, 0
21.5475, 0
21.5506, 0
21.5537, 0
21.5568, 0
21.5599, 0
21.5629, 0
21.5660, 0
21.5693, 1
21.5723, 3
21.5755, 4
21.5786, 4
21.5817, 4
21.5848, 2
21.5879, 1
21.5910, 1
21.5940, 0
21.5971, 0
21.6001, 0
21.6032, 0
21.6064, 0
21.6095, 0
21.6126, 0
21.6157, 0
21.6188, 0
21.6219, 0
21.6251, 0
21.6283, 0
21.6314, 0
21.6345, 0
21.6376, 0
21.6407, 0
21.6440, 0
21.6473, 0
21.6509, 0
21.6536, 0
21.6566, 0
21.6600, 0
21.6630, 0
21.6667, 0
21.6696, 0
21.6728, 0
21.6760, 0
21.6792, 0
21.6824, 1
21.6857, 3
21.6891, 3
21.6939, 0
21.6954, 1
21.6986, 0
21.7014, 0
21.7046, 0
21.7079, 0
21.7111, 0
21.7140, 0
21.7173, 0
21.7204, 0
21.7238, 0
21.7269, 0
21.7302, 0
21.7334, 0
21.7366, 0
21.7397, 0
21.7430, 0
21.7460, 0
21.7497, 0
21.7559, 0
21.7601, 0
21.7646, 0
21.7693, 0
21.7742, 0
21.7785, 0
21.7825, 0
21.7871, 0
21.7933, 0
21.7977, 0
21.8026, 1
21.8049, 0
21.8112, 1
21.8152, 3
21.8185, 0
21.8211, 2
21.8241, 4
21.8275, 0
21.8299, 2
21.8324, 4
21.8366, 0
21.8404, 0
21.8423, 0
21.8452, 1
21.8509, 1
21.8523, 1
21.8584, 0
21.8594, 0
21.8637, 3
21.8659, 1
21.8682, 1
21.8705, 2
21.8727, 3
21.8782, 5
21.8807, 5
21.8857, 3
21.8869, 1
21.8930, 3
21.8948, 3
21.8970, 2
21.8994, 2
21.9029, 2
21.9053, 3
21.9205, 5
21.9277, 4
21.9286, 4
21.9295, 1
21.9305, 0
21.9313, 0
21.9322, 0
21.9331, 0
21.9340, 0
21.9344, 1
21.9366, 3
21.9402, 5
21.9428, 6
21.9460, 7
21.9494, 7
21.9525, 8
21.9558, 9
21.9591, 8
21.9621, 10
21.9651, 0
21.9683, 1
21.9713, 3
21.9743, 4
21.9774, 5
21.9808, 5
21.9841, 7
21.9873, 9
21.9896, 11
21.9929, 10
21.9962, 10
21.9991, 9
22.0028, 6
22.0055, 5
22.0093, 4
22.0123, 0
22.0151, 0
22.0183, 0
22.0221, 0
22.0245, 0
22.0274, 0
22.0302, 0
22.0334, 0
22.0352, 0
22.0374, 0
22.0410, 0
22.0426, 0
22.0454, 0
22.0467, 0
22.0493, 0
22.0520, 0
22.0550, 0
22.0581, 0
22.0614, 0
22.0646, 0
22.0681, 0
22.0717, 0
22.0751, 0
22.0783, 1
22.0809, 3
22.0842, 1
22.0877, 1
22.0908, 0
22.0942, 0
22.0974, 1
22.1008, 3
22.1036, 5
22.1072, 5
22.1120, 4
22.1153, 4
22.1203, 4
22.1232, 5
22.1272, 7
22.1294, 5
22.1335, 7
22.1365, 8
22.1405, 6
22.1436, 7
22.1479, 9
22.1514, 7
22.1574, 8
22.1611, 8
22.1637, 10
22.1666, 11
22.1701, 12
22.1736, 12
22.1758, 12
22.1791, 13
22.1832, 13
22.1863, 15
22.1888, 12
22.1926, 8
22.1958, 3
22.1973, 3
22.2004, 3
22.2030, 1
22.2065, 0
22.2101, 0
22.2135, 0
22.2168, 0
22.2202, 0
22.2243, 0
22.2271, 0
22.2305, 0
22.2334, 1
22.2363, 3
22.2394, 5
22.2418, 4
22.2443, 5
22.2468, 3
22.2494, 3
22.2520, 3
22.2544, 3
22.2569, 3
22.2593, 4
22.2618, 5
22.2643, 5
22.2669, 5
22.2694, 5
22.2718, 6
22.2745, 7
22.2770, 7
22.2794, 6
22.2822, 7
22.2849, 7
22.2874, 7
22.2899, 7
22.2927, 6
22.2952, 5
22.2978, 4
22.3005, 5
22.3031, 6
22.3056, 6
22.3082, 5
22.3109, 4
22.3136, 3
22.3159, 3
22.3183, 3
22.3208, 3
22.3276, 5
22.3313, 5
22.3334, 6
22.3363, 6
22.3385, 7
22.3415, 7
22.3442, 7
22.3478, 8
22.3501, 9
22.3525, 11
22.3544, 12
22.3573, 13
22.3607, 12
22.3629, 11
22.3648, 13
22.3673, 15
22.3695, 13
22.3719, 9
22.3744, 8
22.3788, 3
22.3814, 3
22.3834, 3
22.3859, 5
22.3901, 4
22.3912, 5
22.3944, 5
22.3976, 4
22.4007, 6
22.4036, 7
22.4067, 7
22.4095, 7
22.4125, 7
22.4157, 9
22.4185, 7
22.4233, 1
22.4261, 0
22.4280, 0
22.4310, 0
22.4328, 0
22.4345, 0
22.4374, 0
22.4409, 0
22.4456, 0
22.4480, 0
22.4500, 0
22.4512, 0
22.4542, 0
22.4578, 0
22.4607, 0
22.4636, 1
22.4655, 1
22.4694, 0
22.4723, 0
22.4781, 0
22.4816, 1
22.4861, 0
22.4900, 0
22.4938, 0
22.4980, 1
22.5020, 1
22.5058, 1
22.5087, 1
22.5110, 0
22.5135, 0
22.5158, 1
22.5185, 1
22.5211, 1
22.5244, 0
22.5264, 0
22.5280, 0
22.5315, 0
22.5349, 0
22.5391, 1
22.5429, 2
22.5464, 2
22.5498, 3
22.5533, 3
22.5564, 4
22.5595, 4
22.5634, 5
22.5668, 5
22.5696, 5
22.5727, 5
22.5753, 6
22.5786, 7
22.5814, 7
22.5849, 7
22.5880, 8
22.5908, 8
22.5938, 8
22.5965, 9
22.6000, 8
22.6026, 8
22.6053, 8
22.6083, 8
22.6111, 9
22.6136, 9
22.6166, 10
22.6190, 10
22.6207, 11
22.6232, 11
22.6258, 11
22.6281, 11
22.6304, 11
22.6323, 12
22.6351, 12
22.6375, 12
22.6395, 11
22.6426, 10
22.6457, 11
22.6478, 11
22.6499, 12
22.6530, 12
22.6550, 12
22.6563, 13
22.6584, 13
22.6602, 13
22.6630, 14
22.6645, 14
22.6676, 14
22.6702, 15
22.6726, 15
22.6753, 15
22.6782, 15
22.6808, 16
22.6834, 16
22.6860, 16
22.6890, 17
22.6918, 17
22.6948, 17
22.6977, 18
22.7001, 19
22.7030, 20
22.7062, 20
22.7094, 21
22.7121, 22
22.7148, 22
22.7179, 23
22.7212, 23
22.7244, 23
22.7270, 24
22.7297, 24
22.7328, 25
22.7356, 24
22.7384, 24
22.7405, 24
22.7418, 23
22.7446, 22
22.7459, 21
22.7477, 21
22.7495, 21
22.7507, 18
22.7529, 16
22.7547, 15
22.7562, 14
22.7610, 13
22.7644, 11
22.7675, 9
22.7714, 9
22.7739, 10
22.7768, 9
22.7784, 10
22.7792, 10
22.7800, 11
22.7808, 11
22.7816, 12
22.7823, 13
22.7831, 13
22.7839, 13
22.7847, 14
22.7855, 14
22.7863, 15
22.7886, 15
22.7903, 16
22.7918, 16
22.7938, 17
22.7953, 17
22.7980, 18
22.8005, 18
22.8023, 18
22.8061, 17
22.8110, 16
22.8135, 16
22.8159, 16
22.8179, 15
22.8203, 15
22.8229, 15
22.8255, 15
22.8278, 14
22.8303, 14
22.8320, 14
22.8338, 14
22.8361, 14
22.8384, 13
22.8410, 13
22.8435, 13
22.8457, 11
22.8482, 9
22.8508, 8
22.8528, 7
22.8559, 7
22.8581, 7
22.8606, 7
22.8626, 8
22.8643, 9
22.8668, 10
22.8690, 11
22.8712, 12
22.8731, 13
22.8759, 14
22.8784, 15
22.9566, 16
22.9578, 17
22.9586, 18
22.9594, 13
22.9604, 14
22.9612, 14
22.9621, 15
22.9629, 16
22.9638, 17
22.9647, 18
22.9655, 19
22.9664, 20
22.9673, 20
22.9682, 21
22.9690, 22
22.9698, 23
22.9707, 24
22.9716, 24
22.9723, 25
22.9730, 26
22.9738, 27
22.9745, 28
22.9753, 28
22.9760, 29
22.9768, 30
22.9777, 31
22.9785, 32
22.9795, 33
22.9803, 33
22.9813, 34
22.9821, 35
22.9830, 36
22.9838, 37
22.9847, 37
22.9856, 38
22.9865, 39
22.9873, 40
22.9881, 40
22.9890, 41
22.9900, 42
22.9908, 42
22.9916, 43
22.9925, 44
22.9933, 44
22.9941, 45
22.9950, 46
22.9959, 47
22.9968, 47
22.9976, 48
22.9985, 49
22.9993, 50
23.0001, 50
23.0010, 51
23.0018, 52
23.0027, 52
23.0035, 53
23.0043, 54
23.0052, 54
23.0060, 55
23.0069, 55
23.0077, 56
23.0086, 56
23.0094, 56
23.0102, 57
23.0110, 57
23.0119, 57
23.0127, 58
23.0144, 58
23.0158, 59
23.0186, 59
23.0196, 60
23.0207, 61
23.0225, 61
23.0254, 62
23.0266, 63
23.0287, 63
23.0306, 63
23.0327, 63
23.0350, 61
23.0372, 60
23.0381, 59
23.0417, 58
23.0432, 58
23.0445, 59
23.0464, 60
23.0483, 60
23.0503, 57
23.0522, 56
23.0647, 56
23.0655, 55
23.0756, 54
23.0765, 53
23.0774, 52
23.0784, 51
23.0794, 50
23.0804, 49
23.0814, 48
23.0852, 47
23.0875, 46
23.0885, 45
23.0894, 44
23.0910, 42
23.0930, 41
23.0950, 41
23.0971, 40
23.0989, 38
23.1014, 36
23.1033, 35
23.1052, 34
23.1070, 33
23.1088, 32
23.1098, 30
23.1107, 29
23.1117, 27
23.1126, 25
23.1142, 24
23.1164, 23
23.1174, 22
23.1184, 21
23.1258, 19
23.1317, 17
23.1331, 16
23.1348, 14
23.1360, 13
23.1404, 12
23.1610, 11
23.1652, 9
23.1669, 8
23.1681, 7
23.1693, 7
23.1704, 5
23.1716, 3
23.1728, 2
23.1740, 2
23.1752, 1
23.1762, 0
23.1787, 0
23.1804, 0
23.1817, 0
23.1829, 0
23.1841, 0
23.1853, 1
23.1866, 1
23.1873, 1
23.1890, 0
23.1927, 0
23.1942, 0
23.1955, 1
23.1968, 1
23.1978, 0
23.1987, 0
23.1997, 0
23.2006, 0
23.2016, 0
23.2025, 0
23.2035, 0
23.2046, 0
23.2061, 0
23.2073, 0
23.2087, 0
23.2096, 0
23.2106, 1
23.2123, 2
23.2134, 3
23.2143, 4
23.2153, 5
23.2158, 6
23.2162, 7
23.2172, 8
23.2183, 3
23.2194, 4
23.2204, 5
23.2209, 6
23.2220, 7
23.2235, 8
23.2266, 9
23.2290, 10
23.2308, 11
23.2316, 7
23.2336, 8
23.2361, 9
23.2374, 10
23.2391, 11
23.2408, 12
23.2429, 7
23.2457, 4
23.2482, 3
23.2506, 3
23.2525, 4
23.2532, 5
23.2567, 6
23.2587, 7
23.2606, 7
23.2631, 8
23.2661, 9
23.2689, 9
23.2717, 8
23.2740, 7
23.2767, 7
23.2795, 7
23.2829, 6
23.2850, 6
23.2878, 5
23.2918, 3
23.2944, 2
23.2967, 2
23.2997, 0
23.3022, 0
23.3046, 0
23.3079, 0
23.3095, 0
23.3117, 0
23.3143, 0
23.3169, 0
23.3201, 0
23.3213, 0
23.3225, 0
23.3237, 0
23.3249, 0
23.3262, 0
23.3285, 0
23.3302, 0
23.3314, 0
23.3334, 0
23.3348, 0
23.3364, 0
23.3380, 0
23.3389, 0
23.3399, 0
23.3408, 0
23.3418, 0
23.3427, 0
23.3438, 0
23.3448, 0
23.3458, 0
23.3467, 0
23.3477, 0
23.3495, 0
23.3514, 0
23.3526, 0
23.3542, 0
23.3554, 0
23.3568, 0
23.3584, 0
23.3596, 0
23.3609, 0
23.3628, 0
23.3643, 0
23.3669, 0
23.3697, 0
23.3715, 0
23.3732, 0
23.3748, 0
23.3772, 0
23.3789, 0
23.3812, 0
23.3829, 0
23.3848, 1
23.3865, 2
23.3891, 1
23.3903, 1
23.3925, 1
23.3943, 0
23.3969, 0
23.3981, 0
23.3993, 0
23.4016, 0
23.4032, 0
23.4045, 0
23.4183, 0
23.4206, 0
23.4235, 0
23.4257, 0
23.4283, 0
23.4310, 0
23.4337, 0
23.4361, 0
23.4387, 0
23.4414, 0
23.4437, 0
23.4463, 0
23.4492, 0
23.4517, 0
23.4543, 0
23.4570, 0
23.4600, 0
23.4619, 0
23.4636, 0
23.4650, 1
23.4666, 2
23.4682, 2
23.4694, 2
23.4709, 2
23.4742, 3
23.4752, 3
23.4777, 2
23.4790, 2
23.4800, 3
23.4830, 3
23.4848, 3
23.4864, 3
23.4879, 3
23.4897, 3
23.4914, 4
23.4928, 4
23.4945, 4
23.4976, 1
23.4987, 0
23.5010, 0
23.5035, 0
23.5055, 0
23.5074, 0
23.5093, 0
23.5114, 0
23.5135, 0
23.5156, 0
23.5176, 0
23.5202, 0
23.5226, 0
23.5251, 0
23.5272, 0
23.5296, 0
23.5326, 0
23.5350, 0
23.5373, 0
23.5396, 0
23.5419, 0
23.5442, 0
23.5466, 0
23.5492, 0
23.5511, 1
23.5530, 1
23.5554, 2
23.5577, 2
23.5596, 2
23.5616, 3
23.5636, 3
23.5655, 3
23.5674, 3
23.5700, 3
23.5726, 4
23.5752, 3
23.5779, 4
23.5803, 4
23.5831, 4
23.5855, 4
23.5883, 5
23.5911, 5
23.5932, 5
23.5957, 5
23.5980, 5
23.5985, 4
23.6009, 5
23.6020, 5
23.6032, 5
23.6045, 5
23.6058, 5
23.6072, 5
23.6086, 5
23.6103, 5
23.6123, 5
23.6149, 4
23.6170, 3
23.6193, 3
23.6218, 2
23.6239, 2
23.6246, 2
23.6255, 1
23.6264, 1
23.6273, 0
23.6281, 0
23.6290, 0
23.6299, 0
23.6307, 0
23.6315, 0
23.6326, 0
23.6336, 0
23.6345, 0
23.6364, 0
23.6372, 0
23.6380, 0
23.6389, 0
23.6398, 0
23.6406, 0
23.6416, 0
23.6458, 0
23.6498, 0
23.6513, 0
23.6539, 0
23.6568, 0
23.6589, 0
23.6604, 0
23.6615, 0
23.6640, 0
23.6686, 0
23.6715, 0
23.6744, 0
23.6765, 0
23.6790, 0
23.6804, 0
23.6839, 0
23.6855, 0
23.6892, 0
23.6905, 0
23.6933, 0
23.6959, 0
23.6969, 0
23.6975, 0
23.6986, 0
23.7020, 0
23.7056, 0
23.7080, 0
23.7091, 0
23.7112, 0
23.7123, 0
23.7149, 0
23.7171, 0
23.7195, 0
23.7206, 0
23.7217, 0
23.7257, 0
23.7274, 0
23.7291, 0
23.7317, 0
23.7341, 0
23.7441, 0
23.7492, 0
23.7511, 0
23.7533, 0
23.7551, 0
23.7578, 0
23.7604, 0
23.7618, 0
23.7656, 0
23.7672, 0
23.7694, 0
23.7721, 0
23.7745, 0
23.7771, 0
23.7799, 0
23.7823, 0
23.7846, 0
23.7867, 0
23.7888, 0
23.7910, 0
23.7938, 0
23.7961, 0
23.7982, 0
23.8003, 0
23.8027, 0
23.8051, 1
23.8076, 0
23.8091, 0
23.8114, 0
23.8137, 0
23.8159, 0
23.8180, 0
23.8206, 0
23.8226, 0
23.8247, 0
23.8267, 0
23.8292, 0
23.8315, 0
23.8338, 0
23.8367, 0
23.8387, 0
23.8408, 1
23.8431, 1
23.8453, 1
23.8473, 2
23.8494, 1
23.8515, 1
23.8535, 2
23.8556, 2
23.8591, 2
23.8677, 2
23.8737, 2
23.8770, 2
23.8797, 2
23.8818, 1
23.8841, 2
23.8874, 2
23.8895, 2
23.8928, 1
23.8940, 1
23.8948, 0
23.8957, 0
23.8967, 0
23.8975, 0
23.8983, 0
23.8991, 0
23.8999, 0
23.9006, 0
23.9013, 0
23.9080, 0
23.9092, 0
23.9130, 1
23.9150, 2
23.9164, 3
23.9192, 4
23.9221, 5
23.9251, 6
23.9284, 6
23.9308, 6
23.9327, 7
23.9354, 7
23.9375, 7
23.9406, 8
23.9417, 8
23.9439, 8
23.9469, 9
23.9494, 10
23.9524, 10
23.9566, 11
23.9590, 12
23.9609, 12
23.9646, 13
23.9674, 13
23.9699, 11
23.9721, 11
23.9749, 11
23.9770, 12
23.9791, 12
23.9821, 12
23.9840, 12
23.9873, 12
23.9893, 11
23.9920, 11
23.9946, 10
23.9985, 11
24.0008, 10
24.0037, 11
24.0063, 10
24.0085, 10
24.0115, 9
24.0137, 10
24.0162, 10
24.0188, 11
24.0210, 11
24.0242, 10
24.0257, 10
24.0288, 10
24.0307, 9
24.0340, 9
24.0359, 8
24.0381, 6
24.0407, 6
24.0432, 5
24.0460, 4
24.0481, 5
24.0492, 5
24.0550, 6
24.0564, 6
24.0573, 6
24.0587, 6
24.0598, 7
24.0610, 7
24.0650, 8
24.0677, 8
24.0687, 9
24.0696, 9
24.0706, 10
24.0715, 10
24.0726, 11
24.0735, 12
24.0743, 11
24.0751, 12
24.0759, 13
24.0796, 13
24.0823, 14
24.0847, 14
24.0870, 14
24.0896, 15
24.0920, 15
24.0943, 16
24.0968, 16
24.0999, 17
24.1025, 18
24.1051, 17
24.1076, 18
24.1102, 19
24.1127, 19
24.1153, 19
24.1182, 19
24.1209, 19
24.1233, 19
24.1251, 19
24.1279, 19
24.1303, 19
24.1327, 19
24.1351, 19
24.1373, 19
24.1397, 19
24.1426, 19
24.1448, 19
24.1471, 19
24.1497, 19
24.1521, 19
24.1545, 19
24.1570, 19
24.1602, 19
24.1627, 19
24.1647, 19
24.1673, 20
24.1696, 20
24.1722, 21
24.1736, 19
24.1754, 18
24.1774, 18
24.1797, 18
24.1812, 19
24.1839, 19
24.1869, 19
24.1895, 19
24.1908, 18
24.1926, 18
24.1951, 17
24.1969, 16
24.1989, 16
24.2000, 16
24.2013, 15
24.2037, 15
24.2049, 14
24.2070, 14
24.2083, 13
24.2101, 13
24.2133, 13
24.2151, 12
24.2170, 12
24.2199, 11
24.2217, 11
24.2230, 10
24.2250, 10
24.2261, 9
24.2274, 9
24.2286, 9
24.2301, 7
24.2321, 6
24.2341, 5
24.2371, 3
24.2392, 3
24.2412, 0
24.2437, 0
24.2494, 0
24.2523, 0
24.2552, 0
24.2559, 0
24.2587, 0
24.2612, 0
24.2617, 0
24.2641, 0
24.2649, 0
24.2678, 0
24.2727, 0
24.2744, 0
24.2780, 0
24.2809, 0
24.2819, 0
24.2828, 0
24.2837, 0
24.2846, 0
24.2855, 0
24.2864, 0
24.2874, 0
24.2883, 0
24.2892, 0
24.2950, 0
24.2959, 0
24.2998, 0
24.3022, 0
24.3040, 0
24.3049, 0
24.3056, 0
24.3065, 0
24.3074, 0
24.3083, 0
24.3092, 1
24.3101, 1
24.3110, 2
24.3193, 2
24.3202, 3
24.3212, 4
24.3220, 5
24.3278, 2
24.3307, 3
24.3365, 4
24.3385, 2
24.3397, 2
24.3419, 2
24.3445, 3
24.3455, 4
24.3480, 5
24.3505, 5
24.3515, 4
24.3532, 4
24.3562, 5
24.3584, 6
24.3606, 5
24.3619, 4
24.3642, 4
24.3666, 2
24.3687, 2
24.3697, 2
24.3723, 2
24.3750, 2
24.3767, 2
24.3791, 2
24.3802, 2
24.3829, 1
24.3850, 1
24.3869, 1
24.3879, 1
24.3888, 1
24.3898, 1
24.3908, 1
24.3917, 1
24.3927, 1
24.3936, 1
24.3982, 1
24.3988, 1
24.4015, 1
24.4034, 2
24.4057, 3
24.4090, 3
24.4116, 2
24.4140, 3
24.4159, 4
24.4177, 4
24.4219, 5
24.4238, 5
24.4271, 6
24.4293, 5
24.4323, 5
24.4338, 6
24.4362, 6
24.4403, 7
24.4423, 7
24.4436, 8
24.4456, 9
24.4475, 10
24.4497, 9
24.4515, 10
24.4540, 10
24.4564, 11
24.4579, 12
24.4600, 13
24.4609, 12
24.4619, 13
24.4661, 13
24.4683, 13
24.4707, 7
24.4730, 7
24.4751, 7
24.4778, 7
24.4801, 7
24.4825, 7
24.4846, 7
24.4869, 8
24.4925, 7
24.4955, 8
24.4965, 8
24.5016, 8
24.5035, 6
24.5067, 6
24.5097, 6
24.5125, 6
24.5162, 6
24.5202, 7
24.5213, 7
24.5251, 7
24.5287, 7
24.5324, 7
24.5355, 8
24.5375, 8
24.5400, 8
24.5419, 8
24.5440, 9
24.5464, 10
24.5488, 9
24.5516, 10
24.5546, 10
24.5568, 11
24.5595, 12
24.5611, 12
24.5627, 13
24.5636, 12
24.5654, 13
24.5675, 14
24.5698, 15
24.5722, 14
24.5741, 15
24.5765, 15
24.5782, 15
24.5799, 16
24.5818, 16
24.5836, 16
24.5858, 16
24.5878, 13
24.5934, 12
24.5977, 9
24.6005, 1
24.6038, 0
24.6052, 0
24.6064, 0
24.6077, 0
24.6090, 0
24.6103, 0
24.6116, 0
24.6132, 0
24.6155, 1
24.6187, 0
24.6193, 0
24.6226, 1
24.6265, 1
24.6295, 1
24.6313, 1
24.6340, 1
24.6381, 0
24.6395, 0
24.6418, 1
24.6479, 1
24.6503, 1
24.6525, 0
24.6549, 0
24.6565, 0
24.6584, 0
24.6633, 1
24.6653, 0
24.6669, 1
24.6689, 1
24.6699, 0
24.6707, 0
24.6718, 0
24.6726, 0
24.6745, 0
24.6771, 0
24.6792, 0
24.6814, 0
24.6839, 0
24.6862, 0
24.6888, 0
24.6927, 0
24.6959, 0
24.6996, 0
24.7021, 0
24.7043, 0
24.7065, 0
24.7092, 1
24.7117, 1
24.7138, 1
24.7176, 1
24.7191, 1
24.7216, 1
24.7246, 1
24.7295, 1
24.7314, 2
24.7333, 2
24.7363, 3
24.7386, 3
24.7413, 3
24.7432, 4
24.7454, 5
24.7474, 6
24.7496, 5
24.7518, 6
24.7542, 6
24.7560, 6
24.7586, 7
24.7608, 7
24.7627, 8
24.7648, 8
24.7668, 9
24.7682, 9
24.7702, 9
24.7717, 10
24.7735, 10
24.7758, 10
24.7781, 11
24.7805, 11
24.7829, 12
24.7855, 12
24.7882, 12
24.7900, 11
24.7925, 10
24.7952, 9
24.7976, 9
24.7998, 9
24.8019, 8
24.8043, 7
24.8068, 7
24.8091, 8
24.8116, 6
24.8138, 6
24.8157, 4
24.8183, 4
24.8203, 2
24.8216, 3
24.8234, 4
24.8258, 4
24.8288, 4
24.8298, 5
24.8320, 5
24.8357, 6
24.8362, 6
24.8388, 6
24.8412, 7
24.8437, 7
24.8455, 8
24.8480, 8
24.8494, 8
24.8517, 9
24.8540, 9
24.8567, 9
24.8585, 10
24.8606, 10
24.8628, 11
24.8655, 12
24.8677, 12
24.8703, 13
24.8722, 13
24.8745, 13
24.8765, 14
24.8784, 14
24.8805, 15
24.8827, 15
24.8853, 15
24.8873, 16
24.8895, 17
24.8918, 16
24.8943, 15
24.8966, 14
24.8986, 13
24.9077, 12
24.9093, 10
24.9109, 8
24.9124, 8
24.9148, 6
24.9168, 6
24.9186, 5
24.9200, 5
24.9216, 5
24.9233, 5
24.9251, 4
24.9267, 4
24.9278, 4
24.9296, 5
24.9312, 4
24.9325, 4
24.9348, 4
24.9360, 4
24.9377, 5
24.9390, 6
24.9404, 7
24.9418, 6
24.9429, 7
24.9446, 8
24.9470, 7
24.9483, 7
24.9502, 7
24.9523, 7
24.9533, 8
24.9545, 9
24.9563, 10
24.9573, 8
24.9586, 8
24.9595, 8
24.9635, 9
24.9677, 10
24.9702, 10
24.9736, 11
24.9758, 12
24.9768, 12
24.9799, 13
24.9833, 13
24.9857, 14
24.9914, 15
24.9933, 16
24.9993, 16
25.0011, 17
25.0038, 17
25.0056, 18
25.0087, 19
25.0105, 19
25.0130, 20
25.0155, 21
25.0178, 22
25.0199, 23
25.0220, 24
25.0247, 25
25.0270, 26
25.0289, 27
25.0309, 27
25.0324, 28
25.0366, 28
25.0399, 29
25.0430, 30
25.0460, 31
25.0492, 31
25.0518, 32
25.0549, 32
25.0572, 33
25.0612, 34
25.0636, 34
25.0661, 34
25.0685, 35
25.0709, 34
25.0744, 31
25.0768, 30
25.0792, 30
25.0815, 29
25.0839, 29
25.0862, 30
25.0870, 29
25.0898, 29
25.0921, 29
25.0946, 29
25.0972, 29
25.0996, 29
25.1016, 29
25.1035, 28
25.1053, 29
25.1076, 29
25.1097, 30
25.1145, 31
25.1173, 32
25.1204, 33
25.1242, 33
25.1264, 34
25.1284, 35
25.1305, 36
25.1313, 36
25.1321, 37
25.1364, 37
25.1390, 38
25.1408, 38
25.1427, 39
25.1463, 39
25.1488, 40
25.1512, 40
25.1536, 41
25.1566, 41
25.1590, 42
25.1613, 42
25.1638, 42
25.1662, 43
25.1693, 43
25.1718, 44
25.1745, 44
25.1767, 45
25.1802, 43
25.1827, 43
25.1859, 44
25.1889, 44
25.1921, 45
25.1945, 44
25.1968, 44
25.2020, 45
25.2042, 46
25.2090, 46
25.2098, 47
25.2120, 47
25.2158, 47
25.2180, 47
25.2211, 48
25.2233, 49
25.2258, 49
25.2280, 49
25.2320, 50
25.2363, 50
25.2394, 51
25.2431, 50
25.2468, 50
25.2503, 51
25.2535, 50
25.2571, 50
25.2607, 51
25.2638, 52
25.2671, 53
25.2705, 52
25.2732, 52
25.2762, 53
25.2792, 53
25.2823, 54
25.2851, 53
25.2881, 54
25.2909, 54
25.2944, 55
25.2974, 55
25.3002, 56
25.3033, 56
25.3064, 55
25.3094, 55
25.3122, 56
25.3153, 56
25.3181, 55
25.3211, 55
25.3239, 56
25.3271, 56
25.3300, 56
25.3330, 56
25.3358, 56
25.3383, 56
25.3415, 56
25.3445, 57
25.3475, 57
25.3505, 58
25.3536, 58
25.3565, 58
25.3595, 58
25.3624, 59
25.3651, 60
25.3681, 61
25.3711, 61
25.3741, 61
25.3769, 62
25.3802, 63
25.3831, 63
25.3852, 63
25.3880, 63
25.3907, 63
25.3935, 63
25.3963, 63
25.3989, 63
25.4026, 63
25.4049, 63
25.4071, 63
25.4095, 63
25.4111, 63
25.4130, 63
25.4154, 61
25.4177, 62
25.4207, 63
25.4231, 63
25.4260, 63
25.4284, 63
25.4307, 63
25.4333, 63
25.4357, 63
25.4396, 63
25.4405, 63
25.4430, 63
25.4454, 63
25.4479, 63
25.4503, 63
25.4528, 62
25.4552, 62
25.4576, 63
25.4601, 63
25.4625, 63
25.4650, 63
25.4674, 63
25.4696, 63
25.4720, 63
25.4744, 63
25.4768, 63
25.4792, 63
25.4816, 63
25.4840, 63
25.4864, 63
25.4888, 63
25.4913, 63
25.4937, 63
25.4960, 63
25.4984, 63
25.5008, 62
25.5031, 63
25.5055, 63
25.5079, 63
25.5104, 63
25.5128, 63
25.5151, 63
25.5175, 63
25.5199, 63
25.5224, 63
25.5248, 63
25.5281, 63
25.5299, 63
25.5320, 63
25.5330, 63
25.5359, 63
25.5369, 63
25.5398, 63
25.5427, 63
25.5441, 63
25.5462, 63
25.5481, 63
25.5511, 62
25.5529, 62
25.5542, 62
25.5565, 62
25.5585, 62
25.5608, 62
25.5627, 62
25.5654, 62
25.5679, 62
25.5697, 62
25.5712, 63
25.5730, 63
25.5758, 63
25.5773, 62
25.5794, 63
25.5826, 63
25.5843, 63
25.5856, 63
25.5883, 63
25.5905, 62
25.5918, 63
25.5940, 63
25.5961, 62
25.5982, 61
25.6002, 61
25.6023, 61
25.6049, 60
25.6063, 60
25.6084, 59
25.6104, 59
25.6124, 59
25.6146, 59
25.6166, 58
25.6188, 58
25.6216, 57
25.6230, 57
25.6265, 57
25.6297, 57
25.6330, 57
25.6363, 54
25.6398, 54
25.6424, 53
25.6452, 54
25.6475, 53
25.6509, 53
25.6546, 53
25.6575, 52
25.6605, 52
25.6629, 51
25.6664, 51
25.6692, 51
25.6723, 51
25.6751, 50
25.6780, 51
25.6806, 51
25.6828, 51
25.6862, 49
25.6895, 49
25.6918, 48
25.6943, 48
25.6971, 48
25.6995, 47
25.7022, 47
25.7049, 47
25.7071, 47
25.7091, 47
25.7111, 46
25.7126, 46
25.7153, 46
25.7167, 46
25.7183, 45
25.7194, 45
25.7204, 43
25.7310, 44
25.7348, 44
25.7355, 41
25.7363, 40
25.7371, 40
25.7379, 39
25.7433, 39
25.7441, 39
25.7503, 38
25.7578, 38
25.7595, 37
25.7612, 37
25.7628, 37
25.7649, 37
25.7667, 36
25.7688, 33
25.7704, 33
25.7754, 33
25.7770, 33
25.7783, 34
25.7799, 31
25.7817, 31
25.7838, 31
25.7852, 30
25.7867, 27
25.7881, 27
25.7899, 26
25.7914, 25
25.7929, 24
25.7945, 24
25.7963, 24
25.7977, 22
25.7997, 22
25.8013, 22
25.8026, 21
25.8043, 21
25.8059, 20
25.8074, 20
25.8090, 19
25.8108, 19
25.8125, 18
25.8137, 17
25.8151, 17
25.8171, 16
25.8187, 15
25.8203, 14
25.8217, 13
25.8232, 11
25.8247, 9
25.8262, 7
25.8280, 4
25.8293, 1
25.8309, 1
25.8325, 0
25.8344, 0
25.8363, 0
25.8377, 0
25.8396, 0
25.8410, 0
25.8426, 0
25.8443, 0
25.8453, 0
25.8464, 0
25.8474, 0
25.8491, 1
25.8502, 2
25.8518, 1
25.8528, 2
25.8539, 3
25.8550, 3
25.8573, 3
25.8581, 4
25.8588, 3
25.8618, 3
25.8626, 3
25.8658, 3
25.8666, 2
25.8674, 2
25.8681, 2
25.8689, 3
25.8698, 3
25.8705, 4
25.8774, 4
25.8782, 5
25.8790, 5
25.8798, 6
25.8805, 5
25.8863, 5
25.8880, 6
25.8898, 7
25.8907, 7
25.8914, 8
25.8984, 9
25.8989, 9
25.8995, 9
25.9004, 10
25.9014, 11
25.9026, 11
25.9045, 12
25.9067, 13
25.9086, 14
25.9105, 14
25.9139, 14
25.9168, 15
25.9192, 15
25.9211, 16
25.9249, 16
25.9272, 16
25.9296, 17
25.9320, 17
25.9343, 18
25.9366, 19
25.9391, 19
25.9416, 20
25.9444, 21
25.9457, 22
25.9468, 21
25.9491, 22
25.9520, 23
25.9549, 23
25.9727, 24
25.9737, 25
25.9747, 25
25.9757, 26
25.9768, 27
25.9779, 27
25.9796, 28
25.9807, 29
25.9817, 29
25.9827, 30
25.9836, 31
25.9944, 31
25.9955, 31
25.9965, 32
25.9976, 32
25.9990, 33
25.9999, 34
26.0010, 35
26.0021, 36
26.0032, 37
26.0042, 37
26.0182, 38
26.0289, 39
26.0299, 39
26.0309, 40
26.0319, 41
26.0334, 42
26.0352, 42
26.0370, 43
26.0387, 44
26.0397, 44
26.0405, 45
26.0412, 46
26.0419, 46
26.0427, 47
26.0434, 48
26.0441, 49
26.0448, 49
26.0456, 49
26.0463, 49
26.0581, 49
26.0597, 50
26.0612, 51
26.0620, 52
26.0629, 52
26.0643, 52
26.0655, 52
26.0664, 53
26.0673, 53
26.0684, 54
26.0692, 55
26.0701, 47
26.0736, 48
26.0750, 48
26.0769, 49
26.0790, 49
26.0814, 45
26.0834, 45
26.0855, 45
26.0872, 46
26.0903, 46
26.0929, 45
26.1063, 46
26.1079, 45
26.1094, 46
26.1117, 47
26.1126, 47
26.1142, 47
26.1160, 48
26.1177, 48
26.1189, 49
26.1206, 49
26.1223, 50
26.1250, 50
26.1266, 51
26.1286, 51
26.1290, 52
26.1374, 52
26.1407, 52
26.1434, 52
26.1444, 52
26.1460, 46
26.1470, 46
26.1479, 47
26.1488, 47
26.1504, 48
26.1522, 48
26.1569, 49
26.1593, 49
26.1605, 50
26.1623, 50
26.1646, 51
26.1655, 51
26.1673, 52
26.1685, 53
26.1701, 54
26.1737, 55
26.1753, 56
26.1760, 57
26.1769, 54
26.1778, 55
26.1784, 56
26.1859, 57
26.1870, 58
26.1879, 59
26.1926, 59
26.1935, 60
26.1946, 60
26.1955, 60
26.1964, 61
26.1973, 62
26.1982, 63
26.1990, 60
26.1999, 61
26.2008, 62
26.2024, 63
26.2042, 58
26.2051, 58
26.2076, 58
26.2159, 58
26.2166, 59
26.2182, 59
26.2199, 59
26.2216, 60
26.2225, 60
26.2234, 61
26.2246, 60
26.2385, 60
26.2457, 60
26.2467, 60
26.2590, 60
26.2615, 60
26.2632, 61
26.2659, 62
26.2687, 62
26.2808, 62
26.2849, 62
26.2869, 62
26.2895, 63
26.2943, 63
26.2951, 63
26.2975, 63
26.2993, 63
26.3013, 63
26.3039, 63
26.3070, 63
26.3078, 62
26.3092, 62
26.3111, 63
26.3132, 63
26.3163, 63
26.3196, 63
26.3215, 63
26.3245, 63
26.3270, 61
26.3285, 58
26.3294, 58
26.3302, 59
26.3310, 59
26.3337, 59
26.3346, 59
26.3365, 59
26.3380, 59
26.3405, 60
26.3434, 60
26.3443, 59
26.3452, 60
26.3461, 47
26.3487, 42
26.3535, 41
26.3547, 42
26.3570, 42
26.3585, 41
26.3602, 40
26.3621, 40
26.3634, 39
26.3643, 38
26.3662, 33
26.3667, 33
26.3671, 31
26.3690, 30
26.3737, 27
26.3771, 24
26.3782, 24
26.3797, 24
26.3803, 23
26.3811, 24
26.3842, 24
26.3862, 23
26.3881, 21
26.3900, 22
26.3917, 22
26.3933, 21
26.3944, 21
26.3954, 15
26.3971, 12
26.4014, 11
26.4029, 10
26.4044, 10
26.4058, 10
26.4070, 10
26.4079, 5
26.4089, 5
26.4101, 4
26.4118, 3
26.4131, 3
26.4144, 2
26.4160, 2
26.4181, 1
26.4196, 1
26.4221, 1
26.4231, 1
26.4245, 0
26.4293, 1
26.4314, 1
26.4366, 2
26.4386, 2
26.4395, 1
26.4411, 2
26.4425, 2
26.4456, 2
26.4465, 2
26.4475, 2
26.4503, 3
26.4528, 0
26.4701, 0
26.4724, 0
26.4750, 0
26.4760, 0
26.4779, 0
26.4795, 0
26.4815, 0
26.4834, 0
26.4853, 0
26.4880, 0
26.4891, 0
26.4904, 1
26.4922, 0
26.5053, 0
26.5073, 0
26.5082, 0
26.5149, 0
26.5167, 0
26.5202, 0
26.5218, 0
26.5238, 0
26.5263, 0
26.5294, 0
26.5311, 0
26.5322, 0
26.5410, 0
26.5452, 0
26.5511, 0
26.5520, 0
26.5529, 0
26.5561, 0
26.5650, 0
26.5680, 0
26.5711, 0
26.5737, 0
26.5777, 0
26.5798, 0
26.5926, 0
26.5976, 0
26.5991, 0
26.6017, 0
26.6063, 0
26.6072, 0
26.6081, 0
26.6090, 0
26.6149, 0
26.6245, 0
26.6416, 0
26.6422, 0
26.6429, 0
26.6450, 0
26.6470, 0
26.6488, 0
26.6531, 0
26.6546, 0
26.6702, 0
26.6721, 0
26.6737, 0
26.6759, 0
26.6820, 0
26.6862, 0
26.6889, 0
26.6950, 0
26.6963, 0
26.7086, 0
26.7117, 0
26.7131, 0
26.7183, 0
26.7290, 0
26.7370, 0
26.7411, 0
26.7420, 0
26.7434, 0
26.7464, 0
26.7484, 0
26.7515, 0
26.7525, 0
26.7540, 0
26.7562, 0
26.7569, 0
26.7576, 0
26.7583, 0
26.7590, 0
26.7597, 0
26.7603, 0
26.7610, 0
26.7617, 0
26.7623, 0
26.7630, 0
26.7638, 0
26.7644, 0
26.7651, 0
26.7658, 0
26.7665, 0
26.7671, 0
26.7695, 0
26.7730, 0
26.7749, 0
26.7768, 0
26.7788, 0
26.7797, 0
26.7806, 0
26.7829, 0
26.7837, 0
26.7847, 0
26.7861, 0
26.7879, 0
26.7909, 0
26.7943, 0
26.7974, 0
26.8014, 0
26.8055, 0
26.8246, 0
26.8336, 0
26.8346, 0
26.8356, 0
26.8364, 0
26.8373, 0
26.8382, 0
26.8391, 0
26.8401, 1
26.8410, 0
26.8419, 0
26.8428, 1
26.8437, 0
26.8446, 0
26.8454, 0
26.8462, 0
26.8471, 0
26.8479, 0
26.8483, 0
26.8488, 0
26.8545, 0
26.8564, 0
26.8592, 0
26.8611, 0
26.8632, 0
26.8658, 0
26.8672, 0
26.8682, 0
26.8715, 0
26.8865, 0
26.8874, 0
26.8886, 0
26.8945, 0
26.8956, 0
26.8981, 0
26.9019, 0
26.9031, 0
26.9057, 0
26.9075, 0
26.9106, 0
26.9116, 0
26.9126, 0
26.9136, 0
26.9154, 0
26.9171, 0
26.9189, 0
26.9208, 0
26.9234, 0
26.9244, 0
26.9253, 0
26.9272, 0
26.9294, 0
26.9312, 0
26.9323, 0
26.9383, 0
26.9424, 0
26.9440, 0
26.9446, 0
26.9500, 0
26.9508, 0
26.9537, 0
26.9554, 0
26.9588, 1
26.9632, 1
26.9659, 1
26.9676, 0
26.9692, 0
26.9715, 1
26.9771, 1
26.9783, 1
26.9805, 0
26.9814, 0
26.9824, 0
26.9833, 0
26.9896, 0
26.9906, 0
26.9915, 0
26.9925, 0
26.9933, 0
26.9942, 0
26.9948, 0
26.9958, 0
26.9981, 0
26.9990, 0
27.0029, 0
27.0064, 0
27.0078, 0
27.0092, 0
27.0177, 0
27.0204, 0
27.0237, 0
27.0255, 0
27.0364, 0
27.0377, 0
27.0401, 0
27.0420, 0
27.0426, 0
27.0435, 0
27.0446, 0
27.0457, 0
27.0557, 0
27.0570, 0
27.0604, 0
27.0652, 0
27.0661, 0
27.0670, 0
27.0678, 0
27.0687, 0
27.0696, 0
27.0705, 0
27.0715, 0
27.0724, 0
27.0733, 0
27.0742, 0
27.0782, 0
27.0812, 0
27.0827, 0
27.0843, 0
27.0861, 0
27.0871, 0
27.0889, 0
27.0906, 0
27.0915, 0
27.0924, 0
27.0935, 0
27.0955, 0
27.0971, 0
27.0980, 0
27.0999, 0
27.1039, 0
27.1049, 0
27.1059, 0
27.1069, 0
27.1079, 0
27.1090, 0
27.1107, 0
27.1120, 0
27.1135, 0
27.1149, 0
27.1167, 0
27.1183, 0
27.1196, 0
27.1214, 0
27.1231, 0
27.1246, 0
27.1260, 0
27.1279, 0
27.1307, 0
27.1316, 0
27.1327, 0
27.1344, 0
27.1356, 0
27.1371, 0
27.1384, 0
27.1402, 0
27.1417, 0
27.1434, 0
27.1449, 0
27.1466, 0
27.1479, 0
27.1495, 0
27.1510, 0
27.1572, 0
27.1587, 0
27.1608, 0
27.1629, 0
27.1648, 0
27.1677, 0
27.1689, 0
27.1700, 1
27.1717, 0
27.1727, 0
27.1736, 0
27.1753, 0
27.1766, 0
27.1781, 0
27.1788, 0
27.1805, 0
27.1821, 0
27.1833, 0
27.1842, 0
27.1852, 0
27.1878, 0
27.1899, 0
27.1908, 0
27.1918, 0
27.1932, 0
27.1941, 0
27.1970, 0
27.1989, 0
27.2002, 0
27.2013, 0
27.2030, 0
27.2043, 0
27.2064, 0
27.2079, 0
27.2090, 0
27.2099, 0
27.2108, 0
27.2146, 0
27.2163, 0
27.2189, 0
27.2203, 0
27.2219, 0
27.2232, 0
27.2251, 0
27.2266, 0
27.2277, 0
27.2286, 0
27.2303, 0
27.2320, 0
27.2335, 0
27.2360, 0
27.2371, 0
27.2381, 0
27.2390, 0
27.2417, 0
27.2439, 0
27.2458, 0
27.2476, 0
27.2496, 0
27.2519, 0
27.2538, 0
27.2559, 1
27.2590, 1
27.2609, 0
27.2630, 0
27.2640, 0
27.2698, 0
27.2745, 0
27.2765, 0
27.2782, 0
27.2804, 0
27.2819, 0
27.2826, 0
27.2833, 0
27.2840, 0
27.2847, 0
27.2858, 0
27.2874, 0
27.2889, 0
27.2908, 0
27.2917, 0
27.2927, 0
27.3013, 0
27.3037, 0
27.3094, 0
27.3117, 0
27.3140, 0
27.3165, 0
27.3264, 0
27.3296, 0
27.3313, 0
27.3328, 0
27.3357, 0
27.3385, 0
27.3409, 0
27.3416, 0
27.3423, 0
27.3430, 0
27.3437, 0
27.3453, 0
27.3475, 0
27.3488, 0
27.3497, 0
27.3506, 0
27.3514, 0
27.3526, 0
27.3538, 0
27.3547, 0
27.3556, 0
27.3566, 0
27.3579, 0
27.3590, 0
27.3602, 0
27.3616, 0
27.3635, 0
27.3648, 0
27.3664, 0
27.3680, 0
27.3693, 0
27.3702, 0
27.3713, 0
27.3728, 1
27.3736, 1
27.3753, 1
27.3759, 1
27.3780, 0
27.3789, 1
27.3798, 0
27.3807, 0
27.3825, 0
27.3845, 0
27.3866, 0
27.3880, 0
27.3890, 0
27.3899, 0
27.3941, 0
27.3959, 0
27.3977, 0
27.4014, 0
27.4046, 0
27.4065, 0
27.4082, 1
27.4096, 2
27.4111, 2
27.4126, 0
27.4136, 0
27.4142, 0
27.4150, 0
27.4157, 0
27.4162, 0
27.4166, 0
27.4177, 0
27.4185, 0
27.4195, 0
27.4209, 0
27.4226, 0
27.4240, 0
27.4249, 0
27.4258, 0
27.4272, 0
27.4287, 0
27.4304, 0
27.4320, 0
27.4333, 0
27.4344, 0
27.4359, 0
27.4374, 0
27.4392, 0
27.4408, 0
27.4425, 0
27.4434, 0
27.4449, 0
27.4461, 0
27.4479, 0
27.4494, 0
27.4510, 0
27.4551, 0
27.4569, 0
27.4586, 0
27.4601, 0
27.4619, 0
27.4635, 0
27.4650, 0
27.4667, 0
27.4686, 0
27.4699, 0
27.4716, 0
27.4738, 0
27.4764, 0
27.4848, 0
27.4862, 1
27.4887, 2
27.4910, 2
27.4924, 2
27.4941, 1
27.4950, 1
27.4960, 1
27.4969, 1
27.4978, 1
27.4987, 0
27.5022, 0
27.5041, 0
27.5056, 0
27.5079, 0
27.5099, 0
27.5119, 0
27.5140, 0
27.5160, 0
27.5182, 0
27.5205, 0
27.5224, 0
27.5247, 0
27.5268, 0
27.5287, 0
27.5308, 0
27.5331, 0
27.5364, 0
27.5379, 1
27.5401, 2
27.5413, 3
27.5439, 4
27.5458, 5
27.5575, 5
27.5590, 6
27.5611, 7
27.5626, 8
27.5653, 9
27.5669, 10
27.5679, 10
27.5700, 10
27.5722, 10
27.5739, 10
27.5755, 9
27.5765, 0
27.5777, 0
27.5788, 0
27.5802, 0
27.5821, 0
27.5838, 0
27.5852, 0
27.5864, 0
27.5878, 0
27.5892, 0
27.5912, 0
27.5925, 0
27.5941, 0
27.5958, 1
27.5977, 1
27.5997, 2
27.6013, 2
27.6031, 2
27.6050, 3
27.6069, 3
27.6084, 4
27.6102, 4
27.6122, 4
27.6141, 5
27.6157, 5
27.6174, 6
27.6192, 6
27.6211, 7
27.6232, 7
27.6247, 8
27.6259, 8
