4.1741, 0
4.1790, 0
4.1848, 0
4.1895, 0
4.1942, 0
4.2003, 0
4.2060, 0
4.2124, 0
4.2171, 0
4.2220, 0
4.2286, 0
4.2340, 0
4.2387, 0
4.2445, 0
4.2476, 1
4.2502, 0
4.2540, 0
4.2571, 0
4.2603, 0
4.2634, 0
4.2667, 0
4.2705, 0
4.2731, 0
4.2769, 0
4.2802, 0
4.2833, 1
4.2863, 1
4.2899, 3
4.2930, 5
4.2960, 5
4.2991, 7
4.3021, 8
4.3059, 9
4.3105, 11
4.3136, 11
4.3177, 13
4.3207, 13
4.3250, 15
4.3277, 16
4.3323, 22
4.3341, 23
4.3371, 25
4.3398, 27
4.3424, 29
4.3460, 25
4.3499, 21
4.3522, 18
4.3560, 15
4.3602, 13
4.3626, 11
4.3662, 9
4.3696, 6
4.3723, 3
4.3749, 1
4.3798, 0
4.3821, 0
4.3841, 0
4.3865, 0
4.3890, 0
4.3914, 0
4.3938, 1
4.3970, 3
4.4000, 5
4.4030, 5
4.4061, 5
4.4091, 5
4.4123, 3
4.4152, 2
4.4183, 3
4.4219, 3
4.4244, 3
4.4274, 3
4.4305, 2
4.4336, 2
4.4365, 1
4.4396, 3
4.4427, 3
4.4457, 5
4.4488, 5
4.4518, 7
4.4549, 7
4.4580, 8
4.4611, 9
4.4642, 10
4.4672, 11
4.4703, 12
4.4734, 13
4.4764, 13
4.4795, 15
4.4826, 15
4.4857, 17
4.4887, 17
4.4919, 19
4.4949, 19
4.4980, 21
4.5010, 21
4.5041, 23
4.5072, 23
4.5101, 25
4.5132, 25
4.5162, 25
4.5183, 25
4.5214, 25
4.5257, 24
4.5310, 23
4.5350, 23
4.5385, 23
4.5421, 23
4.5493, 21
4.5512, 21
4.5537, 21
4.5569, 21
4.5608, 20
4.5646, 32
4.5686, 36
4.5714, 38
4.5736, 40
4.5792, 39
4.5823, 39
4.5858, 39
4.5883, 39
4.5911, 39
4.5941, 39
4.5970, 39
4.5999, 39
4.6027, 39
4.6057, 39
4.6085, 39
4.6114, 39
4.6144, 40
4.6171, 41
4.6200, 43
4.6229, 45
4.6260, 47
4.6291, 48
4.6321, 49
4.6351, 51
4.6380, 52
4.6411, 53
4.6441, 47
4.6472, 49
4.6503, 49
4.6532, 52
4.6553, 54
4.6574, 54
4.6595, 55
4.6617, 55
4.6638, 55
4.6659, 55
4.6682, 55
4.6708, 54
4.6730, 53
4.6757, 55
4.6778, 55
4.6809, 56
4.6832, 58
4.6851, 60
4.6897, 61
4.6926, 63
4.6953, 63
4.6966, 62
4.6994, 62
4.7024, 62
4.7052, 62
4.7078, 62
4.7105, 62
4.7139, 62
4.7179, 61
4.7218, 60
4.7258, 60
4.7298, 60
4.7336, 59
4.7376, 61
4.7415, 56
4.7452, 58
4.7492, 59
4.7531, 60
4.7571, 60
4.7611, 62
4.7651, 62
4.7691, 62
4.7731, 63
4.7778, 61
4.7818, 61
4.7857, 63
4.7901, 63
4.7942, 63
4.7975, 62
4.8016, 62
4.8065, 63
4.8106, 63
4.8139, 62
4.8181, 63
4.8214, 63
4.8263, 63
4.8296, 62
4.8337, 63
4.8386, 62
4.8427, 62
4.8469, 63
4.8497, 63
4.8515, 62
4.8556, 63
4.8589, 63
4.8631, 63
4.8672, 63
4.8705, 63
4.8746, 62
4.8788, 63
4.8821, 63
4.8880, 63
4.8912, 63
4.8961, 63
4.8995, 63
4.9045, 63
4.9078, 62
4.9120, 63
4.9163, 63
4.9187, 63
4.9222, 63
4.9246, 62
4.9285, 63
4.9322, 62
4.9356, 62
4.9392, 62
4.9422, 62
4.9449, 62
4.9466, 62
4.9496, 63
4.9516, 63
4.9545, 62
4.9574, 63
4.9603, 63
4.9624, 62
4.9662, 63
4.9683, 63
4.9703, 63
4.9750, 63
4.9770, 63
4.9817, 63
4.9837, 62
4.9875, 62
4.9900, 62
4.9921, 63
4.9943, 62
4.9965, 63
4.9990, 62
5.0017, 63
5.0040, 63
5.0064, 63
5.0092, 63
5.0110, 63
5.0131, 61
5.0184, 59
5.0188, 57
5.0215, 55
5.0276, 55
5.0311, 54
5.0331, 52
5.0356, 50
5.0386, 50
5.0414, 47
5.0440, 45
5.0485, 46
5.0521, 43
5.0544, 43
5.0561, 41
5.0610, 41
5.0646, 41
5.0685, 41
5.0714, 41
5.0752, 40
5.0791, 39
5.0825, 37
5.0865, 35
5.0899, 33
5.0939, 32
5.0974, 31
5.1005, 29
5.1041, 27
5.1072, 25
5.1125, 23
5.1151, 23
5.1158, 21
5.1202, 21
5.1253, 21
5.1286, 21
5.1321, 21
5.1356, 21
5.1387, 22
5.1423, 22
5.1453, 23
5.1489, 23
5.1524, 23
5.1564, 21
5.1597, 21
5.1629, 19
5.1662, 20
5.1698, 21
5.1731, 19
5.1766, 16
5.1802, 15
5.1836, 15
5.1871, 15
5.1906, 13
5.1937, 12
5.1972, 9
5.2011, 7
5.2046, 5
5.2078, 5
5.2114, 3
5.2147, 2
5.2180, 0
5.2214, 0
5.2250, 0
5.2283, 0
5.2316, 0
5.2338, 0
5.2355, 0
5.2381, 0
5.2406, 0
5.2434, 0
5.2474, 0
5.2522, 0
5.2562, 0
5.2595, 0
5.2631, 1
5.2682, 0
5.2709, 0
5.2749, 0
5.2785, 0
5.2820, 0
5.2856, 0
5.2895, 0
5.2936, 0
5.2977, 0
5.3017, 0
5.3055, 0
5.3100, 0
5.3138, 0
5.3176, 0
5.3210, 0
5.3244, 0
5.3282, 0
5.3327, 0
5.3376, 0
5.3411, 0
5.3446, 0
5.3482, 0
5.3518, 0
5.3552, 0
5.3591, 0
5.3620, 1
5.3663, 0
5.3693, 0
5.3722, 0
5.3750, 1
5.3787, 0
5.3820, 0
5.3855, 0
5.3890, 0
5.3922, 0
5.3947, 0
5.3977, 0
5.4001, 0
5.4033, 1
5.4064, 1
5.4091, 1
5.4122, 1
5.4153, 1
5.4186, 1
5.4217, 3
5.4243, 3
5.4273, 3
5.4304, 3
5.4328, 3
5.4353, 3
5.4394, 3
5.4433, 5
5.4461, 7
5.4471, 8
5.4480, 9
5.4500, 11
5.4517, 12
5.4540, 13
5.4574, 15
5.4588, 15
5.4605, 17
5.4634, 18
5.4661, 19
5.4689, 21
5.4719, 14
5.4762, 13
5.4801, 7
5.4829, 5
5.4859, 5
5.4890, 5
5.4919, 5
5.4977, 5
5.5001, 5
5.5026, 5
5.5053, 5
5.5066, 5
5.5091, 1
5.5127, 0
5.5159, 0
5.5190, 0
5.5220, 0
5.5247, 0
5.5279, 0
5.5310, 0
5.5342, 0
5.5369, 0
5.5405, 0
5.5442, 0
5.5471, 0
5.5500, 1
5.5532, 1
5.5559, 3
5.5595, 3
5.5625, 5
5.5658, 7
5.5684, 7
5.5717, 9
5.5750, 9
5.5782, 11
5.5815, 12
5.5847, 13
5.5880, 15
5.5914, 15
5.5949, 17
5.5968, 17
5.6009, 19
5.6024, 21
5.6057, 23
5.6080, 23
5.6121, 23
5.6143, 23
5.6190, 23
5.6205, 23
5.6240, 23
5.6277, 23
5.6304, 23
5.6344, 25
5.6379, 27
5.6412, 29
5.6430, 31
5.6457, 33
5.6474, 35
5.6496, 37
5.6519, 39
5.6548, 41
5.6580, 42
5.6612, 44
5.6643, 43
5.6675, 43
5.6706, 43
5.6738, 43
5.6771, 43
5.6804, 43
5.6837, 42
5.6870, 42
5.6903, 41
5.6936, 41
5.6968, 41
5.7002, 41
5.7034, 41
5.7065, 41
5.7099, 41
5.7132, 41
5.7164, 41
5.7197, 41
5.7226, 41
5.7253, 41
5.7283, 41
5.7312, 41
5.7342, 40
5.7380, 39
5.7405, 39
5.7433, 39
5.7459, 39
5.7495, 39
5.7515, 37
5.7546, 37
5.7576, 37
5.7610, 37
5.7642, 37
5.7672, 37
5.7699, 37
5.7731, 36
5.7766, 36
5.7803, 36
5.7837, 36
5.7870, 36
5.7904, 36
5.7933, 36
5.7969, 35
5.8001, 35
5.8034, 35
5.8067, 35
5.8100, 35
5.8133, 35
5.8163, 35
5.8197, 35
5.8230, 35
5.8258, 36
5.8282, 35
5.8324, 35
5.8357, 35
5.8393, 35
5.8427, 35
5.8451, 35
5.8484, 35
5.8508, 35
5.8552, 35
5.8573, 35
5.8597, 35
5.8621, 34
5.8645, 34
5.8678, 34
5.8718, 32
5.8744, 29
5.8780, 27
5.8812, 23
5.8844, 23
5.8879, 25
5.8912, 27
5.8944, 27
5.8988, 29
5.9012, 30
5.9026, 31
5.9065, 33
5.9095, 34
5.9116, 35
5.9148, 34
5.9180, 30
5.9200, 28
5.9220, 27
5.9251, 27
5.9280, 28
5.9307, 29
5.9351, 29
5.9365, 31
5.9398, 32
5.9435, 33
5.9466, 35
5.9492, 35
5.9534, 37
5.9569, 37
5.9593, 38
5.9661, 39
5.9679, 39
5.9751, 42
5.9770, 41
5.9789, 43
5.9804, 43
5.9819, 43
5.9839, 43
5.9866, 41
5.9888, 41
5.9921, 41
5.9937, 41
5.9956, 39
6.0000, 31
6.0020, 0
6.0058, 9
6.0085, 15
6.0104, 11
6.0125, 11
6.0148, 10
6.0182, 5
6.0210, 3
6.0247, 3
6.0267, 3
6.0285, 4
6.0306, 5
6.0329, 9
6.0360, 11
6.0393, 11
6.0418, 11
6.0447, 12
6.0475, 12
6.0505, 13
6.0532, 13
6.0562, 15
6.0590, 16
6.0622, 17
6.0649, 18
6.0679, 19
6.0708, 20
6.0737, 21
6.0767, 23
6.0795, 23
6.0823, 25
6.0854, 25
6.0882, 27
6.0928, 29
6.0956, 31
6.0991, 33
6.1033, 35
6.1089, 39
6.1123, 43
6.1160, 47
6.1182, 50
6.1220, 53
6.1252, 52
6.1269, 51
6.1308, 51
6.1318, 51
6.1340, 51
6.1365, 51
6.1390, 49
6.1412, 49
6.1432, 49
6.1457, 49
6.1494, 49
6.1506, 47
6.1536, 47
6.1567, 47
6.1605, 33
6.1640, 33
6.1656, 33
6.1677, 33
6.1708, 32
6.1743, 32
6.1759, 32
6.1791, 32
6.1821, 32
6.1851, 32
6.1883, 32
6.1915, 32
6.1945, 32
6.1977, 31
6.2008, 31
6.2037, 31
6.2066, 31
6.2112, 31
6.2121, 31
6.2148, 31
6.2177, 31
6.2206, 31
6.2235, 31
6.2276, 31
6.2333, 32
6.2361, 33
6.2396, 34
6.2427, 35
6.2455, 36
6.2480, 37
6.2510, 38
6.2541, 39
6.2571, 40
6.2612, 41
6.2643, 42
6.2675, 43
6.2705, 45
6.2735, 45
6.2766, 47
6.2798, 47
6.2830, 49
6.2862, 49
6.2894, 51
6.2925, 51
6.2973, 53
6.3004, 54
6.3034, 55
6.3066, 55
6.3097, 55
6.3124, 57
6.3151, 57
6.3171, 57
6.3205, 59
6.3239, 59
6.3270, 61
6.3302, 61
6.3334, 63
6.3357, 63
6.3397, 63
6.3420, 62
6.3450, 62
6.3483, 63
6.3523, 63
6.3555, 63
6.3574, 63
6.3610, 63
6.3641, 63
6.3673, 62
6.3713, 50
6.3745, 48
6.3776, 48
6.3808, 47
6.3840, 47
6.3871, 47
6.3903, 49
6.3933, 51
6.3966, 53
6.3997, 52
6.4028, 52
6.4060, 51
6.4094, 51
6.4137, 53
6.4181, 55
6.4224, 55
6.4267, 56
6.4310, 58
6.4353, 60
6.4396, 62
6.4439, 63
6.4473, 63
6.4506, 59
6.4549, 61
6.4593, 62
6.4631, 62
6.4671, 61
6.4713, 61
6.4756, 62
6.4800, 58
6.4842, 58
6.4884, 59
6.4926, 59
6.4970, 56
6.5013, 58
6.5057, 60
6.5100, 62
6.5153, 62
6.5197, 60
6.5240, 60
6.5275, 60
6.5301, 60
6.5328, 62
6.5365, 62
6.5401, 63
6.5430, 63
6.5466, 63
6.5501, 63
6.5532, 63
6.5563, 63
6.5594, 63
6.5626, 63
6.5656, 63
6.5678, 63
6.5706, 63
6.5728, 63
6.5757, 63
6.5780, 62
6.5801, 62
6.5822, 62
6.5843, 62
6.5864, 62
6.5885, 61
6.5907, 62
6.5949, 61
6.5975, 60
6.6002, 58
6.6029, 57
6.6061, 59
6.6112, 59
6.6125, 57
6.6153, 57
6.6178, 57
6.6224, 57
6.6255, 59
6.6288, 58
6.6320, 57
6.6357, 54
6.6393, 52
6.6427, 54
6.6462, 53
6.6500, 53
6.6538, 54
6.6577, 53
6.6617, 53
6.6652, 52
6.6683, 52
6.6714, 53
6.6746, 53
6.6778, 53
6.6815, 51
6.6857, 51
6.6898, 51
6.6940, 51
6.6982, 49
6.7022, 49
6.7063, 51
6.7104, 53
6.7144, 51
6.7183, 51
6.7218, 50
6.7268, 51
6.7280, 51
6.7313, 51
6.7347, 51
6.7381, 51
6.7418, 51
6.7457, 51
6.7494, 51
6.7534, 51
6.7572, 50
6.7614, 49
6.7659, 49
6.7704, 47
6.7747, 47
6.7791, 46
6.7834, 45
6.7889, 45
6.7923, 43
6.7966, 44
6.8000, 44
6.8033, 43
6.8073, 43
6.8101, 43
6.8140, 42
6.8178, 41
6.8210, 41
6.8238, 43
6.8268, 42
6.8298, 41
6.8328, 41
6.8359, 41
6.8390, 40
6.8421, 39
6.8459, 39
6.8495, 39
6.8533, 37
6.8570, 37
6.8608, 37
6.8643, 35
6.8675, 35
6.8717, 34
6.8758, 33
6.8802, 33
6.8837, 31
6.8858, 31
6.8892, 32
6.8943, 32
6.8989, 33
6.9053, 33
6.9091, 33
6.9134, 33
6.9175, 33
6.9215, 35
6.9255, 37
6.9299, 39
6.9343, 41
6.9387, 43
6.9430, 45
6.9471, 47
6.9511, 49
6.9551, 51
6.9597, 53
6.9628, 55
6.9662, 57
6.9696, 59
6.9725, 61
6.9762, 63
6.9785, 62
6.9814, 63
6.9849, 62
6.9880, 63
6.9902, 63
6.9931, 63
6.9961, 63
6.9991, 63
7.0022, 63
7.0054, 62
7.0072, 63
7.0111, 63
7.0127, 62
7.0160, 63
7.0177, 63
7.0199, 63
7.0230, 62
7.0273, 63
7.0293, 63
7.0324, 63
7.0356, 63
7.0397, 63
7.0418, 62
7.0450, 62
7.0482, 63
7.0514, 62
7.0555, 63
7.0578, 63
7.0609, 62
7.0641, 62
7.0672, 62
7.0704, 63
7.0745, 63
7.0777, 63
7.0809, 61
7.0839, 61
7.0869, 59
7.0900, 59
7.0932, 59
7.0963, 59
7.0994, 58
7.1026, 58
7.1058, 58
7.1089, 57
7.1121, 58
7.1152, 57
7.1184, 56
7.1215, 56
7.1248, 56
7.1279, 55
7.1311, 54
7.1343, 54
7.1375, 54
7.1406, 53
7.1437, 52
7.1463, 52
7.1499, 51
7.1527, 50
7.1546, 49
7.1580, 49
7.1607, 49
7.1636, 47
7.1667, 47
7.1696, 47
7.1723, 46
7.1749, 45
7.1778, 45
7.1815, 45
7.1830, 44
7.1858, 43
7.1885, 43
7.1929, 45
7.1955, 47
7.1986, 49
7.2017, 51
7.2041, 53
7.2072, 55
7.2103, 55
7.2133, 55
7.2164, 52
7.2195, 47
7.2225, 45
7.2256, 43
7.2287, 44
7.2317, 46
7.2341, 46
7.2363, 45
7.2385, 45
7.2408, 45
7.2439, 44
7.2463, 43
7.2484, 43
7.2509, 42
7.2538, 41
7.2569, 41
7.2600, 41
7.2631, 39
7.2663, 39
7.2698, 39
7.2723, 37
7.2755, 37
7.2788, 37
7.2820, 36
7.2852, 35
7.2885, 35
7.2916, 35
7.2948, 34
7.2980, 33
7.3013, 33
7.3044, 32
7.3077, 31
7.3109, 31
7.3141, 31
7.3172, 29
7.3205, 29
7.3236, 31
7.3267, 31
7.3299, 31
7.3330, 31
7.3360, 31
7.3391, 31
7.3421, 31
7.3452, 31
7.3483, 31
7.3514, 31
7.3554, 31
7.3583, 31
7.3618, 31
7.3653, 31
7.3678, 31
7.3711, 31
7.3734, 31
7.3769, 31
7.3799, 33
7.3833, 31
7.3859, 30
7.3891, 29
7.3919, 29
7.3945, 29
7.3972, 29
7.4002, 27
7.4032, 26
7.4059, 25
7.4097, 25
7.4140, 25
7.4166, 25
7.4194, 23
7.4219, 23
7.4255, 23
7.4264, 22
7.4279, 21
7.4307, 21
7.4336, 20
7.4366, 19
7.4396, 19
7.4420, 18
7.4450, 17
7.4480, 17
7.4507, 17
7.4530, 15
7.4551, 15
7.4616, 15
7.4624, 13
7.4682, 13
7.4690, 13
7.4734, 12
7.4772, 11
7.4810, 11
7.4843, 10
7.4862, 9
7.4884, 9
7.4905, 10
7.4926, 11
7.4947, 13
7.4965, 11
7.4997, 11
7.5027, 9
7.5058, 9
7.5089, 9
7.5120, 7
7.5151, 7
7.5182, 6
7.5212, 5
7.5243, 5
7.5274, 4
7.5304, 4
7.5334, 5
7.5365, 5
7.5390, 3
7.5421, 4
7.5455, 6
7.5487, 5
7.5510, 5
7.5545, 6
7.5576, 7
7.5618, 8
7.5660, 7
7.5702, 9
7.5744, 9
7.5785, 10
7.5826, 11
7.5869, 11
7.5912, 12
7.5955, 11
7.5997, 13
7.6040, 14
7.6083, 14
7.6125, 15
7.6163, 15
7.6199, 15
7.6237, 17
7.6274, 17
7.6308, 17
7.6342, 17
7.6377, 17
7.6417, 17
7.6446, 17
7.6487, 17
7.6521, 17
7.6545, 19
7.6569, 19
7.6596, 19
7.6628, 19
7.6659, 20
7.6693, 20
7.6723, 21
7.6755, 21
7.6786, 23
7.6818, 23
7.6850, 24
7.6882, 25
7.6914, 27
7.6947, 28
7.6978, 29
7.7010, 31
7.7042, 32
7.7074, 33
7.7105, 35
7.7138, 35
7.7170, 37
7.7201, 38
7.7233, 39
7.7264, 40
7.7296, 41
7.7328, 41
7.7361, 42
7.7396, 43
7.7423, 43
7.7455, 45
7.7485, 45
7.7517, 46
7.7549, 47
7.7579, 47
7.7612, 47
7.7644, 49
7.7674, 49
7.7708, 50
7.7739, 51
7.7770, 51
7.7802, 53
7.7834, 53
7.7865, 53
7.7896, 53
7.7934, 54
7.7961, 55
7.8005, 55
7.8036, 53
7.8067, 55
7.8097, 56
7.8123, 57
7.8163, 58
7.8190, 59
7.8220, 60
7.8253, 61
7.8285, 61
7.8309, 63
7.8345, 62
7.8379, 63
7.8423, 63
7.8438, 63
7.8468, 63
7.8488, 63
7.8514, 63
7.8548, 63
7.8573, 63
7.8596, 63
7.8626, 63
7.8656, 63
7.8681, 63
7.8708, 62
7.8733, 63
7.8763, 63
7.8793, 63
7.8813, 62
7.8848, 63
7.8875, 63
7.8902, 63
7.8933, 63
7.8964, 62
7.8995, 62
7.9027, 62
7.9059, 61
7.9090, 61
7.9122, 61
7.9153, 61
7.9185, 61
7.9216, 61
7.9249, 61
7.9318, 59
7.9360, 57
7.9394, 53
7.9424, 52
7.9454, 50
7.9487, 49
7.9605, 48
7.9630, 46
7.9668, 43
7.9707, 42
7.9753, 43
7.9793, 45
7.9826, 47
7.9864, 47
7.9902, 49
7.9945, 49
7.9981, 49
8.0019, 47
8.0056, 48
8.0089, 50
8.0116, 52
8.0152, 54
8.0184, 56
8.0215, 54
8.0246, 53
8.0275, 53
8.0310, 52
8.0338, 51
8.0374, 52
8.0406, 51
8.0437, 52
8.0469, 51
8.0499, 52
8.0528, 51
8.0563, 51
8.0596, 50
8.0626, 49
8.0658, 49
8.0689, 49
8.0723, 49
8.0755, 49
8.0789, 49
8.0817, 49
8.0845, 48
8.0886, 48
8.0926, 47
8.0978, 47
8.1042, 48
8.1078, 48
8.1104, 45
8.1138, 43
8.1173, 40
8.1190, 38
8.1222, 36
8.1241, 35
8.1263, 35
8.1284, 35
8.1306, 35
8.1328, 34
8.1350, 34
8.1383, 33
8.1406, 35
8.1435, 35
8.1465, 35
8.1493, 34
8.1517, 34
8.1549, 34
8.1578, 35
8.1620, 35
8.1633, 33
8.1664, 33
8.1690, 33
8.1717, 32
8.1747, 31
8.1773, 31
8.1799, 31
8.1827, 29
8.1855, 29
8.1889, 29
8.1944, 28
8.1953, 27
8.2000, 27
8.2018, 27
8.2062, 27
8.2106, 26
8.2146, 25
8.2189, 25
8.2232, 25
8.2277, 25
8.2321, 23
8.2365, 23
8.2409, 23
8.2452, 23
8.2496, 21
8.2540, 21
8.2584, 21
8.2622, 21
8.2659, 19
8.2697, 19
8.2741, 19
8.2788, 18
8.2833, 17
8.2876, 17
8.2920, 17
8.2964, 16
8.3007, 15
8.3052, 15
8.3096, 15
8.3139, 13
8.3183, 13
8.3226, 13
8.3269, 13
8.3313, 11
8.3357, 11
8.3400, 11
8.3444, 10
8.3488, 9
8.3531, 9
8.3575, 9
8.3619, 8
8.3662, 7
8.3706, 7
8.3749, 9
8.3793, 11
8.3836, 13
8.3880, 7
8.3924, 7
8.3967, 7
8.4010, 6
8.4054, 5
8.4097, 7
8.4141, 7
8.4184, 9
8.4228, 7
8.4272, 6
8.4316, 5
8.4360, 5
8.4407, 5
8.4451, 4
8.4489, 3
8.4526, 3
8.4560, 3
8.4590, 2
8.4619, 1
8.4650, 1
8.4686, 1
8.4730, 3
8.4768, 0
8.4811, 1
8.4853, 3
8.4892, 3
8.4945, 3
8.4989, 3
8.5022, 3
8.5073, 4
8.5113, 4
8.5163, 4
8.5179, 5
8.5238, 5
8.5281, 5
8.5325, 5
8.5365, 5
8.5400, 5
8.5443, 5
8.5478, 5
8.5515, 5
8.5557, 5
8.5591, 5
8.5630, 5
8.5677, 6
8.5719, 6
8.5767, 4
8.5807, 5
8.5848, 5
8.5882, 5
8.5923, 5
8.5965, 5
8.6007, 5
8.6044, 7
8.6082, 9
8.6121, 11
8.6153, 9
8.6179, 9
8.6222, 9
8.6265, 9
8.6300, 9
8.6334, 9
8.6362, 11
8.6380, 13
8.6419, 14
8.6463, 15
8.6507, 13
8.6550, 15
8.6589, 17
8.6633, 19
8.6677, 21
8.6720, 23
8.6764, 25
8.6808, 27
8.6852, 29
8.6895, 17
8.6942, 17
8.6984, 17
8.7027, 13
8.7071, 14
8.7114, 11
8.7157, 11
8.7201, 11
8.7244, 11
8.7286, 9
8.7329, 9
8.7373, 9
8.7416, 8
8.7458, 7
8.7501, 7
8.7544, 6
8.7586, 5
8.7629, 5
8.7672, 6
8.7714, 6
8.7758, 3
8.7800, 3
8.7843, 3
8.7892, 3
8.7925, 1
8.7965, 1
8.7988, 1
8.8026, 0
8.8068, 0
8.8112, 0
8.8150, 0
8.8180, 0
8.8223, 0
8.8280, 0
8.8304, 0
8.8323, 0
8.8351, 0
8.8379, 0
8.8409, 0
8.8445, 0
8.8472, 0
8.8501, 0
8.8532, 0
8.8576, 0
8.8603, 0
8.8632, 0
8.8658, 0
8.8683, 0
8.8709, 0
8.8741, 0
8.8770, 0
8.8800, 0
8.8832, 0
8.8863, 0
8.8891, 0
8.8923, 0
8.8954, 0
8.8980, 1
8.9014, 1
8.9045, 1
8.9069, 3
8.9102, 3
8.9139, 5
8.9169, 5
8.9202, 5
8.9319, 7
8.9341, 7
8.9368, 9
8.9389, 9
8.9412, 8
8.9445, 7
8.9469, 7
8.9498, 6
8.9525, 5
8.9549, 5
8.9579, 5
8.9609, 4
8.9641, 3
8.9672, 5
8.9698, 5
8.9725, 7
8.9749, 7
8.9782, 8
8.9814, 9
8.9841, 10
8.9879, 11
8.9912, 11
8.9943, 13
8.9986, 14
9.0019, 15
9.0063, 16
9.0113, 17
9.0156, 17
9.0200, 19
9.0251, 19
9.0283, 19
9.0306, 21
9.0334, 21
9.0378, 23
9.0410, 23
9.0441, 25
9.0471, 25
9.0501, 25
9.0533, 27
9.0562, 27
9.0596, 29
9.0625, 29
9.0659, 29
9.0688, 31
9.0721, 31
9.0752, 33
9.0780, 33
9.0811, 34
9.0843, 33
9.0875, 33
9.0909, 33
9.0938, 32
9.0972, 31
9.1002, 31
9.1033, 30
9.1062, 29
9.1092, 29
9.1127, 28
9.1154, 27
9.1188, 27
9.1228, 26
9.1257, 25
9.1289, 27
9.1321, 29
9.1348, 31
9.1395, 33
9.1434, 35
9.1475, 37
9.1485, 39
9.1544, 41
9.1583, 43
9.1625, 25
9.1666, 27
9.1708, 24
9.1749, 23
9.1786, 23
9.1832, 23
9.1873, 23
9.1921, 22
9.1963, 23
9.2002, 20
9.2048, 19
9.2083, 19
9.2124, 17
9.2170, 17
9.2211, 15
9.2261, 15
9.2297, 13
9.2342, 12
9.2379, 11
9.2415, 11
9.2459, 9
9.2502, 9
9.2541, 8
9.2592, 7
9.2641, 6
9.2689, 5
9.2738, 1
9.2794, 0
9.2832, 1
9.2878, 2
9.2946, 3
9.2981, 5
9.3012, 7
9.3021, 9
9.3030, 9
9.3081, 11
9.3119, 12
9.3148, 13
9.3175, 14
9.3208, 15
9.3243, 17
9.3274, 17
9.3307, 19
9.3337, 19
9.3367, 21
9.3398, 21
9.3431, 23
9.3459, 24
9.3485, 25
9.3514, 26
9.3545, 27
9.3574, 28
9.3604, 29
9.3633, 30
9.3662, 31
9.3693, 33
9.3723, 33
9.3754, 35
9.3782, 37
9.3814, 39
9.3843, 39
9.3873, 41
9.3903, 42
9.3933, 43
9.3963, 44
9.3990, 45
9.4020, 47
9.4049, 47
9.4079, 49
9.4109, 49
9.4140, 51
9.4169, 51
9.4198, 53
9.4227, 53
9.4256, 53
9.4285, 55
9.4312, 57
9.4344, 57
9.4373, 59
9.4404, 59
9.4432, 61
9.4464, 61
9.4493, 60
9.4522, 60
9.4549, 60
9.4581, 59
9.4610, 59
9.4641, 59
9.4670, 61
9.4698, 63
9.4728, 63
9.4758, 61
9.4788, 61
9.4817, 61
9.4849, 61
9.4878, 61
9.4907, 61
9.4934, 61
9.4965, 63
9.4993, 62
9.5019, 63
9.5049, 63
9.5084, 63
9.5114, 63
9.5145, 63
9.5175, 63
9.5204, 63
9.5234, 61
9.5258, 63
9.5287, 62
9.5314, 63
9.5338, 63
9.5367, 62
9.5396, 62
9.5426, 62
9.5456, 62
9.5485, 62
9.5512, 62
9.5541, 62
9.5570, 62
9.5599, 62
9.5629, 62
9.5657, 62
9.5686, 61
9.5705, 61
9.5744, 61
9.5786, 60
9.5826, 60
9.5865, 60
9.5907, 60
9.5937, 60
9.5969, 61
9.6001, 60
9.6031, 60
9.6063, 61
9.6096, 62
9.6131, 63
9.6158, 63
9.6191, 62
9.6220, 62
9.6260, 63
9.6293, 63
9.6328, 63
9.6355, 63
9.6382, 63
9.6407, 63
9.6439, 63
9.6469, 63
9.6507, 63
9.6547, 63
9.6584, 63
9.6613, 62
9.6643, 62
9.6670, 62
9.6697, 62
9.6726, 62
9.6756, 61
9.6785, 60
9.6809, 60
9.6845, 60
9.6875, 60
9.6905, 60
9.6927, 60
9.6949, 60
9.6986, 60
9.7031, 60
9.7055, 60
9.7089, 59
9.7119, 60
9.7149, 60
9.7179, 60
9.7208, 59
9.7249, 59
9.7287, 59
9.7329, 58
9.7347, 59
9.7390, 58
9.7423, 58
9.7450, 57
9.7470, 57
9.7512, 57
9.7568, 57
9.7595, 57
9.7614, 57
9.7626, 57
9.7645, 57
9.7673, 57
9.7699, 57
9.7727, 56
9.7753, 57
9.7786, 59
9.7819, 60
9.7851, 61
9.7874, 63
9.7904, 63
9.7930, 63
9.7963, 62
9.7996, 63
9.8023, 63
9.8056, 62
9.8092, 63
9.8116, 62
9.8162, 63
9.8186, 62
9.8225, 62
9.8264, 63
9.8288, 62
9.8318, 63
9.8348, 62
9.8377, 62
9.8407, 62
9.8439, 62
9.8470, 63
9.8513, 63
9.8542, 61
9.8574, 61
9.8604, 61
9.8635, 61
9.8667, 60
9.8698, 59
9.8729, 59
9.8761, 59
9.8792, 59
9.8820, 58
9.8848, 59
9.8875, 57
9.8902, 57
9.8929, 57
9.8956, 58
9.8983, 57
9.9012, 57
9.9039, 56
9.9065, 56
9.9103, 56
9.9146, 56
9.9177, 56
9.9216, 56
9.9232, 56
9.9267, 56
9.9302, 56
9.9325, 56
9.9357, 55
9.9415, 40
9.9436, 35
9.9446, 33
9.9498, 25
9.9521, 25
9.9533, 25
9.9550, 27
9.9585, 27
9.9608, 28
9.9637, 29
9.9665, 30
9.9693, 31
9.9721, 32
9.9750, 33
9.9777, 33
9.9810, 35
9.9842, 35
9.9874, 37
9.9918, 37
9.9927, 39
9.9983, 39
9.9992, 41
10.0046, 41
10.0061, 43
10.0090, 43
10.0122, 45
10.0174, 46
10.0213, 47
10.0255, 49
10.0291, 49
10.0327, 50
10.0336, 51
10.0361, 51
10.0392, 53
10.0420, 53
10.0484, 53
10.0505, 53
10.0518, 49
10.0544, 45
10.0574, 41
10.0603, 39
10.0634, 35
10.0655, 31
10.0677, 29
10.0699, 21
10.0730, 19
10.0758, 15
10.0794, 8
10.0816, 5
10.0846, 3
10.0875, 0
10.0905, 0
10.0941, 0
10.0963, 0
10.0999, 0
10.1029, 0
10.1051, 0
10.1081, 0
10.1111, 0
10.1143, 0
10.1168, 0
10.1199, 1
10.1227, 3
10.1258, 2
10.1278, 1
10.1321, 0
10.2032, 0
10.2049, 0
10.2060, 0
10.2082, 0
10.2106, 0
10.2117, 0
10.2139, 0
10.2148, 1
10.2171, 0
10.2181, 0
10.2204, 0
10.2213, 0
10.2229, 0
10.2245, 0
10.2255, 0
10.2278, 0
10.2287, 0
10.2311, 0
10.2321, 0
10.2344, 0
10.2353, 0
10.2368, 0
10.2380, 0
10.2391, 0
10.2404, 0
10.2415, 0
10.2427, 0
10.2439, 0
10.2453, 0
10.2467, 0
10.2480, 0
10.2492, 0
10.2505, 0
10.2519, 0
10.2532, 0
10.2546, 0
10.2559, 0
10.2573, 0
10.2586, 0
10.2600, 0
10.2613, 0
10.2627, 0
10.2640, 0
10.2660, 0
10.2689, 0
10.2717, 0
10.2745, 0
10.2773, 0
10.2803, 0
10.2830, 0
10.2860, 0
10.2889, 0
10.2918, 0
10.2945, 0
10.2979, 0
10.3007, 0
10.3038, 0
10.3065, 0
10.3096, 0
10.3133, 1
10.3163, 2
10.3207, 3
10.3237, 4
10.3275, 5
10.3306, 6
10.3329, 7
10.3365, 7
10.3398, 6
10.3425, 4
10.3452, 2
10.3481, 0
10.3508, 0
10.3540, 1
10.3569, 1
10.3594, 3
10.3625, 3
10.3653, 5
10.3685, 5
10.3714, 7
10.3742, 7
10.3773, 9
10.3804, 9
10.3833, 11
10.3862, 13
10.3889, 13
10.3918, 15
10.3950, 17
10.3977, 17
10.4006, 19
10.4037, 19
10.4066, 21
10.4093, 22
10.4124, 23
10.4155, 19
10.4184, 16
10.4212, 12
10.4243, 8
10.4270, 5
10.4302, 1
10.4331, 0
10.4360, 0
10.4391, 1
10.4419, 2
10.4449, 3
10.4480, 5
10.4508, 5
10.4539, 7
10.4568, 7
10.4597, 9
10.4627, 9
10.4663, 11
10.4697, 12
10.4734, 13
10.4774, 13
10.4806, 14
10.4838, 13
10.4868, 13
10.4900, 13
10.4929, 13
10.4975, 13
10.4992, 13
10.5030, 13
10.5058, 12
10.5094, 11
10.5137, 11
10.5169, 11
10.5201, 11
10.5232, 11
10.5263, 11
10.5299, 11
10.5331, 10
10.5365, 10
10.5401, 9
10.5440, 9
10.5473, 9
10.5497, 9
10.5535, 8
10.5572, 7
10.5608, 7
10.5643, 7
10.5690, 7
10.5724, 7
10.5753, 6
10.5772, 5
10.5816, 5
10.5861, 5
10.5899, 5
10.5934, 5
10.5967, 4
10.5998, 3
10.6027, 1
10.6063, 0
10.6095, 0
10.6137, 0
10.6173, 0
10.6204, 0
10.6247, 0
10.6282, 0
10.6327, 0
10.6360, 0
10.6390, 0
10.6421, 0
10.6450, 0
10.6493, 0
10.6514, 1
10.6544, 2
10.6575, 3
10.6607, 4
10.6641, 5
10.6670, 6
10.6702, 7
10.6731, 8
10.6758, 9
10.6787, 10
10.6814, 11
10.6845, 12
10.6878, 13
10.6913, 15
10.6964, 15
10.6991, 17
10.7019, 17
10.7056, 19
10.7096, 19
10.7145, 21
10.7174, 22
10.7197, 23
10.7234, 23
10.7261, 25
10.7292, 26
10.7322, 27
10.7351, 27
10.7380, 29
10.7408, 30
10.7419, 31
10.7460, 33
10.7478, 33
10.7544, 35
10.7573, 36
10.7601, 37
10.7629, 38
10.7642, 39
10.7679, 41
10.7712, 41
10.7738, 43
10.7776, 44
10.7799, 45
10.7832, 46
10.7864, 47
10.7903, 48
10.7926, 49
10.7952, 49
10.7996, 51
10.8022, 51
10.8050, 52
10.8076, 53
10.8102, 53
10.8177, 55
10.8188, 56
10.8198, 57
10.8217, 58
10.8239, 60
10.8263, 61
10.8286, 62
10.8315, 63
10.8335, 62
10.8358, 63
10.8376, 63
10.8394, 63
10.8435, 63
10.8454, 62
10.8474, 62
10.8523, 58
10.8532, 55
10.8620, 52
10.8658, 49
10.8694, 46
10.8728, 42
10.8760, 38
10.8795, 36
10.8805, 31
10.8815, 27
10.8831, 23
10.8868, 19
10.8885, 17
10.8931, 13
10.8964, 9
10.8996, 9
10.9030, 11
10.9067, 13
10.9095, 15
10.9121, 15
10.9139, 15
10.9154, 15
10.9178, 15
10.9209, 14
10.9242, 13
10.9286, 13
10.9294, 13
10.9355, 13
10.9400, 13
10.9437, 13
10.9489, 13
10.9527, 13
10.9573, 12
10.9611, 12
10.9629, 11
10.9639, 10
10.9648, 11
10.9657, 12
10.9665, 13
10.9673, 17
10.9726, 18
10.9737, 19
10.9779, 20
10.9788, 21
10.9836, 22
10.9879, 23
10.9889, 24
10.9934, 25
10.9959, 25
10.9988, 27
11.0016, 29
11.0050, 31
11.0083, 33
11.0120, 31
11.0153, 29
11.0196, 23
11.0231, 17
11.0274, 13
11.0311, 11
11.0343, 13
11.0386, 15
11.0415, 17
11.0454, 17
11.0489, 19
11.0528, 19
11.0564, 21
11.0604, 21
11.0642, 23
11.0684, 23
11.0719, 25
11.0758, 27
11.0799, 29
11.0832, 30
11.0867, 31
11.0898, 31
11.0930, 33
11.0962, 34
11.0993, 35
11.1021, 35
11.1077, 37
11.1087, 38
11.1111, 39
11.1143, 41
11.1185, 41
11.1209, 43
11.1233, 44
11.1264, 45
11.1294, 46
11.1325, 47
11.1356, 48
11.1386, 49
11.1417, 49
11.1448, 49
11.1478, 49
11.1508, 49
11.1539, 49
11.1569, 49
11.1600, 49
11.1630, 49
11.1661, 49
11.1693, 43
11.1722, 37
11.1761, 33
11.1803, 29
11.1848, 27
11.1882, 27
11.1917, 27
11.1961, 27
11.1998, 27
11.2047, 27
11.2078, 27
11.2099, 27
11.2129, 28
11.2158, 29
11.2189, 31
11.2227, 32
11.2259, 33
11.2290, 31
11.2322, 32
11.2362, 31
11.2388, 31
11.2417, 31
11.2441, 31
11.2469, 31
11.2498, 31
11.2531, 31
11.2557, 29
11.2588, 30
11.2620, 30
11.2649, 29
11.2680, 29
11.2704, 29
11.2741, 27
11.2768, 28
11.2805, 29
11.2835, 29
11.2866, 31
11.2900, 31
11.2931, 32
11.2964, 33
11.2993, 34
11.3026, 35
11.3060, 36
11.3093, 37
11.3126, 38
11.3154, 39
11.3188, 39
11.3247, 40
11.3257, 41
11.3291, 41
11.3326, 42
11.3357, 43
11.3390, 43
11.3423, 44
11.3458, 45
11.3492, 45
11.3525, 46
11.3559, 47
11.3593, 47
11.3627, 45
11.3661, 45
11.3694, 45
11.3729, 39
11.3762, 34
11.3797, 29
11.3834, 26
11.3863, 23
11.3903, 22
11.3945, 23
11.3973, 25
11.4003, 25
11.4041, 27
11.4093, 28
11.4104, 29
11.4162, 31
11.4199, 31
11.4227, 33
11.4257, 35
11.4292, 35
11.4355, 37
11.4392, 37
11.4426, 39
11.4486, 39
11.4526, 41
11.4564, 41
11.4598, 43
11.4633, 43
11.4673, 45
11.4707, 46
11.4741, 47
11.4775, 47
11.4808, 49
11.4841, 49
11.4874, 51
11.4908, 51
11.4921, 52
11.4928, 53
11.4936, 53
11.4986, 55
11.5016, 55
11.5064, 57
11.5107, 57
11.5143, 58
11.5197, 59
11.5240, 59
11.5285, 61
11.5398, 62
11.5443, 63
11.5486, 63
11.5512, 63
11.5559, 63
11.5587, 63
11.5615, 63
11.5657, 63
11.5687, 63
11.5715, 62
11.5759, 63
11.5792, 63
11.5829, 62
11.5861, 63
11.5886, 63
11.5903, 63
11.5930, 63
11.5956, 62
11.5983, 62
11.6025, 60
11.6048, 58
11.6078, 52
11.6108, 46
11.6138, 42
11.6167, 40
11.6197, 37
11.6219, 33
11.6242, 30
11.6265, 26
11.6298, 24
11.6331, 23
11.6356, 19
11.6378, 15
11.6412, 13
11.6440, 11
11.6467, 7
11.6502, 3
11.6529, 1
11.6558, 0
11.6586, 0
11.6613, 0
11.6641, 1
11.6670, 3
11.6699, 4
11.6727, 5
11.6757, 7
11.6783, 8
11.6812, 9
11.6833, 9
11.6870, 9
11.6903, 11
11.6929, 13
11.6955, 13
11.6981, 13
11.7006, 10
11.7031, 9
11.7059, 6
11.7084, 5
11.7109, 3
11.7130, 2
11.7162, 1
11.7189, 0
11.7214, 0
11.7233, 0
11.7256, 0
11.7279, 0
11.7302, 0
11.7327, 0
11.7349, 0
11.7373, 0
11.7404, 0
11.7434, 0
11.7464, 0
11.7494, 0
11.7525, 0
11.7555, 0
11.7585, 1
11.7615, 0
11.7646, 0
11.7675, 0
11.7705, 0
11.7735, 0
11.7766, 0
11.7796, 0
11.7826, 0
11.7856, 0
11.7886, 0
11.7916, 0
11.7945, 0
11.7976, 0
11.8006, 0
11.8036, 0
11.8066, 0
11.8094, 0
11.8124, 0
11.8154, 0
11.8185, 0
11.8215, 0
11.8246, 0
11.8277, 0
11.8306, 0
11.8336, 0
11.8367, 0
11.8397, 1
11.8422, 3
11.8446, 3
11.8470, 5
11.8492, 5
11.8514, 5
11.8535, 5
11.8557, 5
11.8579, 5
11.8603, 5
11.8625, 5
11.8650, 5
11.8679, 5
11.8707, 5
11.8727, 4
11.8775, 4
11.8797, 4
11.8824, 4
11.8849, 4
11.8876, 4
11.8900, 4
11.8927, 3
11.8953, 3
11.8979, 3
11.9004, 3
11.9031, 3
11.9057, 3
11.9084, 3
11.9111, 3
11.9136, 3
11.9161, 3
11.9186, 3
11.9212, 3
11.9237, 3
11.9264, 3
11.9291, 3
11.9317, 3
11.9343, 3
11.9369, 5
11.9394, 7
11.9415, 9
11.9440, 11
11.9462, 13
11.9518, 15
11.9547, 15
11.9570, 15
11.9592, 15
11.9617, 15
11.9639, 15
11.9662, 15
11.9685, 15
11.9707, 15
11.9731, 17
11.9762, 19
11.9777, 15
11.9799, 15
11.9820, 14
11.9841, 14
11.9863, 14
11.9906, 14
11.9923, 14
11.9942, 13
11.9965, 11
11.9988, 13
12.0011, 13
12.0035, 15
12.0057, 15
12.0081, 17
12.0103, 17
12.0127, 17
12.0149, 17
12.0168, 19
12.0189, 16
12.0211, 6
12.0251, 0
12.0272, 0
12.0295, 0
12.0325, 0
12.0349, 0
12.0366, 2
12.0394, 0
12.0428, 0
12.0454, 0
12.0483, 0
12.0509, 0
12.0553, 0
12.0571, 0
12.0595, 0
12.0618, 1
12.0641, 3
12.0665, 3
12.0689, 5
12.0706, 5
12.0728, 8
12.0751, 9
12.0777, 11
12.0797, 11
12.0821, 13
12.0839, 14
12.0870, 15
12.0894, 17
12.0916, 17
12.0942, 19
12.0968, 19
12.0994, 21
12.1018, 21
12.1041, 23
12.1064, 25
12.1087, 25
12.1111, 27
12.1134, 28
12.1157, 29
12.1180, 31
12.1211, 31
12.1242, 33
12.1283, 35
12.1315, 37
12.1346, 37
12.1373, 39
12.1402, 41
12.1435, 41
12.1463, 43
12.1496, 44
12.1547, 45
12.1588, 46
12.1627, 47
12.1638, 49
12.1674, 49
12.1698, 51
12.1732, 51
12.1759, 53
12.1790, 54
12.1820, 55
12.1842, 55
12.1879, 55
12.1900, 57
12.1936, 59
12.1962, 59
12.1991, 61
12.2021, 62
12.2050, 63
12.2071, 62
12.2101, 62
12.2149, 63
12.2159, 63
12.2178, 63
12.2207, 63
12.2233, 62
12.2264, 62
12.2289, 62
12.2313, 62
12.2339, 62
12.2368, 62
12.2397, 62
12.2430, 62
12.2454, 61
12.2494, 61
12.2515, 60
12.2539, 59
12.2563, 59
12.2588, 58
12.2633, 58
12.2645, 58
12.2667, 58
12.2691, 55
12.2715, 53
12.2738, 51
12.2761, 49
12.2784, 47
12.2806, 45
12.2832, 43
12.2853, 40
12.2877, 38
12.2900, 35
12.2927, 33
12.2950, 30
12.2973, 27
12.2998, 25
12.3027, 18
12.3047, 11
12.3066, 9
12.3107, 0
12.3124, 0
12.3172, 0
12.3203, 0
12.3220, 0
12.3245, 0
12.3267, 0
12.3295, 0
12.3341, 1
12.3351, 1
12.3381, 2
12.3424, 1
12.3434, 1
12.3456, 1
12.3487, 1
12.3519, 0
12.3552, 0
12.3585, 0
12.3617, 0
12.3655, 0
12.3680, 0
12.3711, 0
12.3741, 0
12.3773, 0
12.3805, 0
12.3835, 0
12.3866, 0
12.3897, 0
12.3927, 0
12.3959, 0
12.3989, 0
12.4020, 0
12.4051, 0
12.4082, 0
12.4113, 0
12.4144, 0
12.4176, 0
12.4228, 0
12.4250, 0
12.4273, 0
12.4315, 0
12.4345, 0
12.4379, 0
12.4419, 0
12.4462, 0
12.4503, 0
12.4546, 0
12.4587, 0
12.4629, 0
12.4664, 0
12.4695, 0
12.4728, 0
12.4761, 0
12.4798, 0
12.4842, 0
12.4870, 0
12.4892, 0
12.4923, 0
12.4955, 0
12.4988, 0
12.5018, 0
12.5048, 0
12.5079, 0
12.5110, 0
12.5138, 0
12.5169, 0
12.5193, 0
12.5220, 0
12.5263, 0
12.5283, 0
12.5317, 0
12.5345, 0
12.5370, 0
12.5394, 0
12.5430, 0
12.5455, 0
12.5486, 0
12.5518, 0
12.5547, 0
12.5573, 0
12.5594, 0
12.5629, 0
12.5656, 0
12.5691, 0
12.5770, 0
12.5775, 0
12.5798, 0
12.5834, 0
12.5861, 0
12.5883, 0
12.5907, 0
12.5932, 0
12.5955, 0
12.5979, 0
12.6010, 0
12.6029, 0
12.6053, 0
12.6077, 0
12.6101, 0
12.6125, 0
12.6151, 0
12.6174, 0
12.6199, 0
12.6225, 0
12.6248, 0
12.6278, 0
12.6301, 0
12.6326, 0
12.6347, 0
12.6372, 0
12.6400, 0
12.6420, 0
12.6447, 0
12.6470, 0
12.6495, 0
12.6519, 0
12.6547, 0
12.6571, 1
12.6596, 1
12.6620, 3
12.6644, 3
12.6668, 3
12.6687, 5
12.6707, 5
12.6737, 5
12.6767, 6
12.6787, 7
12.6809, 7
12.6834, 8
12.6860, 9
12.6891, 9
12.6912, 9
12.6947, 10
12.6967, 10
12.6992, 10
12.7013, 11
12.7042, 12
12.7068, 13
12.7107, 14
12.7123, 15
12.7145, 15
12.7179, 16
12.7219, 17
12.7232, 18
12.7271, 19
12.7287, 19
12.7305, 21
12.7329, 20
12.7351, 21
12.7375, 22
12.7398, 23
12.7427, 23
12.7452, 24
12.7473, 25
12.7500, 25
12.7523, 25
12.7550, 24
12.7573, 25
12.7591, 24
12.7620, 24
12.7643, 23
12.7667, 23
12.7698, 23
12.7724, 23
12.7752, 23
12.7789, 21
12.7803, 21
12.7812, 23
12.7837, 23
12.7862, 23
12.7887, 24
12.7911, 24
12.7936, 25
12.7961, 25
12.7985, 26
12.8017, 25
12.8042, 26
12.8065, 27
12.8093, 27
12.8115, 29
12.8140, 29
12.8163, 29
12.8182, 31
12.8207, 31
12.8231, 31
12.8256, 33
12.8281, 33
12.8305, 33
12.8330, 35
12.8355, 35
12.8379, 35
12.8404, 35
12.8429, 37
12.8453, 37
12.8478, 29
12.8503, 27
12.8527, 21
12.8551, 15
12.8576, 12
12.8601, 9
12.8625, 5
12.8649, 1
12.8674, 0
12.8698, 0
12.8723, 0
12.8748, 0
12.8773, 0
12.8798, 0
12.8823, 0
12.8848, 0
12.8873, 0
12.8897, 0
12.8930, 0
12.8946, 0
12.8971, 0
12.8996, 0
12.9020, 0
12.9045, 0
12.9069, 0
12.9094, 0
12.9119, 0
12.9143, 0
12.9168, 0
12.9195, 0
12.9218, 0
12.9242, 0
12.9268, 0
12.9293, 0
12.9317, 0
12.9341, 0
12.9365, 0
12.9390, 1
12.9413, 0
12.9446, 0
12.9545, 0
12.9578, 0
12.9611, 1
12.9652, 2
12.9682, 1
12.9711, 1
12.9740, 1
12.9772, 1
12.9808, 2
12.9843, 4
12.9875, 6
12.9907, 7
12.9945, 9
12.9981, 11
13.0009, 10
13.0041, 11
13.0072, 11
13.0105, 10
13.0138, 9
13.0171, 11
13.0202, 11
13.0231, 11
13.0262, 11
13.0292, 10
13.0318, 8
13.0349, 7
13.0381, 7
13.0413, 7
13.0445, 7
13.0478, 5
13.0510, 3
13.0543, 0
13.0574, 0
13.0606, 0
13.0638, 0
13.0670, 1
13.0702, 3
13.0734, 3
13.0766, 5
13.0798, 5
13.0829, 5
13.0862, 7
13.0894, 9
13.0925, 11
13.0957, 11
13.0988, 11
13.1021, 11
13.1053, 11
13.1086, 11
13.1129, 10
13.1173, 10
13.1216, 9
13.1258, 10
13.1299, 12
13.1339, 13
13.1381, 15
13.1423, 16
13.1464, 17
13.1505, 19
13.1547, 19
13.1582, 21
13.1607, 18
13.1634, 20
13.1669, 17
13.1694, 17
13.1727, 19
13.1749, 21
13.1778, 17
13.1815, 19
13.1844, 17
13.1874, 19
13.1905, 16
13.1936, 17
13.1967, 19
13.1999, 21
13.2021, 15
13.2065, 15
13.2107, 15
13.2126, 15
13.2156, 16
13.2191, 18
13.2207, 20
13.2237, 14
13.2268, 16
13.2299, 14
13.2329, 14
13.2360, 13
13.2390, 14
13.2423, 13
13.2453, 14
13.2483, 13
13.2514, 7
13.2544, 9
13.2575, 11
13.2606, 13
13.2637, 15
13.2667, 15
13.2698, 17
13.2729, 17
13.2760, 10
13.2790, 7
13.2821, 3
13.2853, 0
13.2885, 0
13.2916, 0
13.2941, 1
13.2966, 3
13.2987, 5
13.3011, 6
13.3032, 8
13.3054, 10
13.3076, 5
13.3096, 6
13.3142, 5
13.3178, 3
13.3208, 5
13.3238, 3
13.3265, 3
13.3296, 4
13.3327, 3
13.3361, 5
13.3387, 2
13.3414, 4
13.3443, 6
13.3470, 8
13.3495, 1
13.3526, 3
13.3554, 1
13.3585, 2
13.3609, 4
13.3638, 6
13.3667, 0
13.3690, 1
13.3731, 3
13.3761, 1
13.3790, 0
13.3818, 1
13.3848, 3
13.3879, 5
13.3910, 7
13.3948, 9
13.3972, 10
13.4006, 11
13.4036, 13
13.4072, 13
13.4098, 15
13.4141, 15
13.4185, 16
13.4223, 17
13.4266, 18
13.4309, 19
13.4354, 19
13.4403, 19
13.4450, 20
13.4496, 19
13.4531, 15
13.4563, 14
13.4613, 10
13.4623, 9
13.4663, 5
13.4689, 5
13.4719, 3
13.4758, 3
13.4782, 1
13.4807, 1
13.4830, 1
13.4859, 1
13.4888, 0
13.4914, 0
13.4946, 0
13.4971, 0
13.4999, 0
13.5026, 0
13.5054, 0
13.5083, 0
13.5106, 0
13.5146, 0
13.5173, 0
13.5199, 0
13.5231, 0
13.5271, 0
13.5301, 0
13.5331, 0
13.5396, 0
13.5420, 0
13.5429, 0
13.5460, 0
13.5486, 0
13.5514, 0
13.5562, 0
13.5583, 0
13.5615, 0
13.5643, 0
13.5675, 0
13.5728, 0
13.5747, 0
13.5773, 0
13.5792, 0
13.5821, 0
13.5855, 0
13.5886, 0
13.5918, 0
13.5955, 0
13.5981, 0
13.6011, 0
13.6043, 0
13.6074, 0
13.6105, 0
13.6137, 0
13.6171, 0
13.6203, 0
13.6236, 0
13.6264, 0
13.6297, 0
13.6328, 0
13.6355, 0
13.6388, 0
13.6420, 0
13.6451, 0
13.6487, 0
13.6518, 0
13.6543, 0
13.6579, 0
13.6610, 0
13.6641, 0
13.6674, 0
13.6703, 0
13.6736, 0
13.6767, 0
13.6797, 0
13.6828, 0
13.6852, 0
13.6883, 0
13.6903, 0
13.6922, 0
13.6957, 0
13.6985, 0
13.7015, 0
13.7042, 0
13.7066, 0
13.7091, 0
13.7115, 0
13.7139, 0
13.7167, 0
13.7188, 0
13.7211, 0
13.7236, 0
13.7258, 1
13.7284, 0
13.7307, 0
13.7330, 2
13.7359, 3
13.7374, 4
13.7398, 5
13.7421, 5
13.7467, 7
13.7485, 7
13.7505, 7
13.7524, 9
13.7555, 9
13.7581, 9
13.7606, 9
13.7629, 11
13.7652, 11
13.7681, 11
13.7705, 13
13.7722, 13
13.7744, 13
13.7772, 13
13.7808, 13
13.7827, 15
13.7850, 15
13.7877, 16
13.7903, 18
13.7921, 20
13.7941, 24
13.7974, 25
13.7994, 27
13.8018, 29
13.8045, 31
13.8068, 33
13.8091, 33
13.8114, 32
13.8140, 31
13.8164, 31
13.8188, 33
13.8213, 35
13.8238, 37
13.8262, 39
13.8293, 39
13.8316, 39
13.8338, 37
13.8358, 36
13.8384, 37
13.8407, 39
13.8430, 41
13.8449, 41
13.8493, 43
13.8512, 43
13.8540, 43
13.8588, 43
13.8600, 45
13.8618, 45
13.8646, 45
13.8667, 45
13.8691, 47
13.8716, 47
13.8736, 47
13.8763, 47
13.8787, 49
13.8811, 49
13.8838, 49
13.8860, 49
13.8884, 49
13.8909, 49
13.8934, 49
13.8958, 49
13.8983, 51
13.9008, 51
13.9032, 52
13.9057, 53
13.9082, 53
13.9106, 55
13.9136, 55
13.9155, 55
13.9180, 57
13.9213, 57
13.9246, 59
13.9279, 59
13.9311, 60
13.9344, 61
13.9377, 61
13.9410, 63
13.9436, 62
13.9476, 63
13.9502, 62
13.9534, 62
13.9574, 63
13.9607, 63
13.9633, 62
13.9673, 63
13.9707, 63
13.9740, 63
13.9773, 63
13.9806, 63
13.9838, 62
13.9871, 63
13.9904, 62
13.9936, 62
13.9970, 61
14.0003, 61
14.0035, 61
14.0069, 61
14.0102, 61
14.0135, 61
14.0168, 55
14.0200, 49
14.0233, 48
14.0266, 47
14.0299, 48
14.0332, 48
14.0365, 47
14.0397, 47
14.0430, 43
14.0463, 37
14.0495, 35
14.0528, 31
14.0561, 28
14.0594, 23
14.0627, 21
14.0661, 17
14.0694, 14
14.0727, 16
14.0761, 15
14.0794, 14
14.0827, 12
14.0859, 13
14.0892, 13
14.0925, 12
14.0958, 11
14.0991, 12
14.1023, 13
14.1056, 11
14.1089, 13
14.1149, 15
14.1183, 17
14.1216, 19
14.1249, 21
14.1281, 23
14.1314, 25
14.1347, 27
14.1380, 29
14.1413, 29
14.1446, 29
14.1479, 29
14.1512, 29
14.1544, 29
14.1577, 29
14.1610, 31
14.1643, 31
14.1676, 33
14.1709, 33
14.1746, 35
14.1775, 35
14.1805, 37
14.1846, 37
14.1884, 39
14.1902, 39
14.1925, 41
14.1958, 41
14.1988, 43
14.2018, 43
14.2061, 45
14.2108, 45
14.2150, 47
14.2191, 47
14.2228, 49
14.2270, 49
14.2313, 51
14.2360, 51
14.2400, 53
14.2441, 53
14.2483, 55
14.2524, 55
14.2566, 57
14.2608, 57
14.2650, 59
14.2693, 59
14.2735, 61
14.2779, 61
14.2822, 63
14.2864, 63
14.2897, 63
14.2943, 63
14.2966, 63
14.3005, 63
14.3032, 63
14.3047, 63
14.3069, 63
14.3104, 62
14.3130, 62
14.3162, 62
14.3208, 63
14.3224, 63
14.3255, 62
14.3286, 62
14.3326, 63
14.3347, 62
14.3377, 62
14.3406, 61
14.3459, 61
14.3490, 61
14.3520, 61
14.3551, 60
14.3581, 60
14.3612, 60
14.3643, 60
14.3674, 60
14.3702, 60
14.3733, 60
14.3764, 60
14.3795, 60
14.3826, 60
14.3857, 60
14.3888, 60
14.3919, 60
14.3952, 59
14.3982, 59
14.4019, 60
14.4060, 61
14.4100, 61
14.4142, 61
14.4184, 61
14.4221, 60
14.4254, 60
14.4287, 60
14.4315, 60
14.4348, 60
14.4380, 60
14.4412, 60
14.4444, 59
14.4487, 59
14.4512, 59
14.4553, 57
14.4571, 57
14.4598, 57
14.4624, 57
14.4653, 56
14.4681, 58
14.4718, 60
14.4748, 62
14.4777, 63
14.4799, 62
14.4821, 62
14.4852, 61
14.4876, 60
14.4911, 60
14.4939, 60
14.4988, 59
14.4996, 58
14.5034, 58
14.5058, 58
14.5084, 57
14.5117, 56
14.5143, 56
14.5171, 56
14.5195, 55
14.5222, 54
14.5247, 54
14.5269, 54
14.5299, 53
14.5327, 52
14.5360, 52
14.5383, 52
14.5424, 51
14.5457, 50
14.5490, 50
14.5527, 50
14.5566, 49
14.5588, 49
14.5623, 49
14.5652, 49
14.5686, 48
14.5708, 49
14.5748, 51
14.5783, 53
14.5813, 53
14.5849, 53
14.5879, 53
14.5903, 51
14.5928, 51
14.5948, 51
14.6007, 49
14.6016, 49
14.6061, 49
14.6085, 48
14.6130, 47
14.6159, 47
14.6189, 46
14.6217, 45
14.6254, 45
14.6283, 44
14.6304, 43
14.6343, 42
14.6375, 41
14.6405, 41
14.6437, 41
14.6470, 41
14.6501, 39
14.6534, 39
14.6570, 39
14.6603, 39
14.6632, 38
14.6668, 15
14.6702, 15
14.6736, 11
14.6766, 7
14.6797, 6
14.6828, 7
14.6861, 9
14.6895, 11
14.6930, 9
14.6961, 9
14.7009, 9
14.7034, 9
14.7059, 8
14.7088, 10
14.7122, 12
14.7154, 13
14.7185, 15
14.7216, 17
14.7247, 19
14.7283, 19
14.7313, 21
14.7349, 22
14.7379, 23
14.7411, 24
14.7457, 25
14.7484, 26
14.7514, 25
14.7542, 24
14.7577, 23
14.7611, 23
14.7647, 23
14.7683, 23
14.7711, 22
14.7743, 19
14.7769, 19
14.7798, 14
14.7847, 9
14.7873, 7
14.7904, 5
14.7936, 1
14.7966, 0
14.7994, 0
14.8030, 0
14.8059, 0
14.8088, 1
14.8166, 1
14.8174, 0
14.8181, 0
14.8227, 0
14.8269, 0
14.8307, 0
14.8344, 0
14.8383, 0
14.8421, 0
14.8458, 0
14.8496, 2
14.8527, 3
14.8564, 2
14.8601, 3
14.8638, 3
14.8674, 3
14.8708, 3
14.8737, 3
14.8774, 3
14.8810, 4
14.8842, 4
14.8891, 4
14.8922, 3
14.8964, 4
14.9009, 5
14.9044, 5
14.9083, 5
14.9127, 5
14.9183, 5
14.9212, 5
14.9242, 2
14.9272, 1
14.9304, 1
14.9339, 1
14.9368, 0
14.9398, 0
14.9419, 0
14.9452, 0
14.9482, 0
14.9515, 0
14.9546, 1
14.9574, 2
14.9606, 3
14.9639, 2
14.9671, 1
14.9704, 1
14.9738, 2
14.9776, 4
14.9810, 5
14.9844, 5
14.9877, 7
14.9911, 6
14.9947, 8
14.9981, 10
15.0014, 10
15.0048, 12
15.0082, 11
15.0116, 12
15.0149, 10
15.0183, 11
15.0218, 13
15.0251, 15
15.0285, 15
15.0319, 16
15.0353, 17
15.0386, 17
15.0420, 19
15.0453, 19
15.0487, 21
15.0520, 21
15.0558, 23
15.0591, 24
15.0625, 25
15.0658, 27
15.0692, 28
15.0728, 29
15.0762, 31
15.0796, 33
15.0829, 35
15.0863, 36
15.0896, 37
15.0930, 39
15.0964, 40
15.0997, 39
15.1030, 39
15.1064, 39
15.1097, 39
15.1131, 39
15.1173, 39
15.1210, 39
15.1241, 39
15.1288, 40
15.1327, 41
15.1379, 41
15.1424, 43
15.1469, 43
15.1515, 43
15.1560, 44
15.1604, 45
15.1649, 45
15.1684, 45
15.1719, 45
15.1756, 45
15.1794, 47
15.1814, 47
15.1859, 49
15.1890, 50
15.1922, 51
15.1953, 51
15.1981, 53
15.2015, 49
15.2045, 45
15.2086, 43
15.2118, 43
15.2148, 43
15.2172, 42
15.2305, 41
15.2316, 41
15.2326, 41
15.2335, 41
15.2354, 41
15.2392, 41
15.2439, 41
15.2482, 41
15.2524, 43
15.2567, 43
15.2606, 45
15.2645, 45
15.2684, 47
15.2718, 48
15.2738, 49
15.2771, 51
15.2805, 51
15.2846, 53
15.2874, 53
15.2907, 55
15.2931, 56
15.2965, 57
15.2999, 57
15.3035, 59
15.3067, 59
15.3101, 61
15.3135, 61
15.3168, 63
15.3203, 63
15.3231, 63
15.3260, 62
15.3287, 63
15.3321, 63
15.3335, 63
15.3373, 62
15.3410, 63
15.3430, 62
15.3456, 60
15.3483, 62
15.3528, 57
15.3565, 58
15.3590, 58
15.3625, 58
15.3651, 57
15.3682, 58
15.3712, 60
15.3758, 62
15.3780, 63
15.3798, 63
15.3822, 63
15.3848, 63
15.3873, 61
15.3904, 63
15.3932, 62
15.3965, 62
15.3989, 63
15.4020, 63
15.4079, 63
15.4095, 63
15.4116, 62
15.4171, 63
15.4182, 63
15.4223, 63
15.4253, 63
15.4284, 63
15.4313, 63
15.4347, 63
15.4381, 63
15.4410, 63
15.4440, 63
15.4472, 60
15.4501, 60
15.4532, 60
15.4563, 60
15.4593, 60
15.4624, 60
15.4656, 60
15.4683, 60
15.4716, 60
15.4730, 60
15.4758, 60
15.4805, 60
15.4838, 60
15.4866, 61
15.4896, 61
15.4910, 60
15.4956, 60
15.4993, 60
15.5013, 59
15.5049, 60
15.5079, 59
15.5107, 60
15.5135, 59
15.5169, 56
15.5198, 55
15.5227, 55
15.5260, 53
15.5290, 53
15.5319, 53
15.5358, 53
15.5403, 55
15.5424, 55
15.5445, 57
15.5473, 59
15.5507, 60
15.5529, 62
15.5547, 62
15.5579, 63
15.5621, 62
15.5651, 61
15.5678, 61
15.5707, 59
15.5738, 58
15.5771, 57
15.5802, 55
15.5836, 55
15.5867, 55
15.5895, 53
15.5920, 53
15.5962, 53
15.5991, 53
15.6034, 52
15.6056, 51
15.6085, 49
15.6101, 49
15.6157, 47
15.6198, 46
15.6233, 46
15.6266, 45
15.6308, 44
15.6344, 44
15.6363, 43
15.6398, 41
15.6442, 41
15.6473, 41
15.6522, 41
15.6554, 36
15.6563, 33
15.6801, 33
15.6810, 31
15.6820, 31
15.6829, 31
15.6838, 29
15.6847, 27
15.6856, 27
15.6880, 26
15.6889, 24
15.6899, 24
15.6908, 23
15.6918, 23
15.6942, 23
15.6965, 23
15.7009, 23
15.7045, 23
15.7066, 23
15.7100, 22
15.7145, 22
15.7165, 22
15.7214, 21
15.7246, 21
15.7276, 21
15.7301, 21
15.7337, 21
15.7375, 21
15.7410, 21
15.7445, 21
15.7479, 23
15.7514, 24
15.7555, 25
15.7599, 27
15.7637, 27
15.7658, 29
15.7687, 31
15.7721, 33
15.7748, 33
15.7775, 35
15.7829, 35
15.7864, 37
15.7900, 38
15.7942, 39
15.7984, 40
15.8012, 41
15.8045, 42
15.8097, 43
15.8135, 45
15.8183, 44
15.8223, 44
15.8263, 44
15.8303, 45
15.8357, 46
15.8366, 45
15.8424, 47
15.8460, 47
15.8504, 43
15.8541, 40
15.8592, 39
15.8622, 41
15.8658, 39
15.8702, 38
15.8744, 36
15.8782, 35
15.8818, 33
15.8851, 33
15.8887, 31
15.8937, 31
15.8978, 31
15.9044, 25
15.9079, 25
15.9117, 25
15.9143, 24
15.9166, 25
15.9216, 27
15.9248, 31
15.9285, 31
15.9320, 33
15.9357, 34
15.9383, 35
15.9425, 37
15.9469, 38
15.9522, 39
15.9549, 39
15.9560, 41
15.9628, 41
15.9637, 43
15.9645, 43
15.9661, 44
15.9697, 45
15.9729, 46
15.9761, 47
15.9810, 49
15.9840, 49
15.9875, 49
15.9928, 51
15.9961, 51
16.0006, 51
16.0034, 51
16.0058, 52
16.0095, 51
16.0138, 51
16.0159, 51
16.0194, 53
16.0238, 55
16.0275, 56
16.0317, 56
16.0351, 51
16.0391, 53
16.0426, 51
16.0460, 52
16.0500, 53
16.0534, 53
16.0571, 53
16.0610, 53
16.0652, 53
16.0699, 53
16.0733, 53
16.0761, 53
16.0788, 53
16.0813, 53
16.0843, 47
16.0875, 47
16.0900, 47
16.0925, 45
16.0952, 43
16.0978, 44
16.1006, 45
16.1069, 47
16.1093, 49
16.1118, 51
16.1144, 53
16.1175, 53
16.1196, 55
16.1220, 55
16.1244, 57
16.1269, 57
16.1293, 59
16.1319, 59
16.1341, 61
16.1380, 61
16.1401, 61
16.1429, 63
16.1447, 63
16.1480, 63
16.1492, 62
16.1522, 63
16.1548, 63
16.1581, 63
16.1635, 63
16.1668, 63
16.1694, 62
16.1733, 63
16.1759, 63
16.1792, 63
16.1833, 63
16.1858, 63
16.1884, 63
16.1909, 62
16.1942, 63
16.1986, 63
16.2012, 63
16.2061, 63
16.2089, 40
16.2114, 39
16.2127, 40
16.2162, 39
16.2178, 40
16.2212, 40
16.2225, 39
16.2254, 39
16.2273, 40
16.2300, 42
16.2325, 44
16.2348, 46
16.2374, 48
16.2399, 50
16.2424, 39
16.2451, 41
16.2477, 43
16.2500, 37
16.2526, 37
16.2551, 37
16.2572, 37
16.2598, 37
16.2631, 37
16.2655, 35
16.2690, 36
16.2710, 37
16.2739, 37
16.2763, 37
16.2799, 39
16.2823, 39
16.2851, 41
16.2882, 41
16.2912, 41
16.2942, 41
16.2972, 41
16.3002, 41
16.3031, 41
16.3059, 41
16.3088, 41
16.3117, 41
16.3145, 41
16.3174, 41
16.3203, 41
16.3238, 41
16.3266, 41
16.3295, 41
16.3324, 40
16.3352, 36
16.3380, 33
16.3408, 26
16.3440, 21
16.3470, 17
16.3501, 14
16.3531, 9
16.3562, 7
16.3593, 3
16.3622, 0
16.3653, 0
16.3683, 0
16.3713, 0
16.3747, 0
16.3777, 0
16.3807, 0
16.3829, 0
16.3868, 1
16.3890, 3
16.3929, 6
16.3950, 8
16.3989, 9
16.4020, 11
16.4050, 13
16.4080, 15
16.4111, 15
16.4142, 17
16.4172, 17
16.4202, 19
16.4233, 19
16.4262, 21
16.4293, 21
16.4324, 21
16.4354, 21
16.4385, 21
16.4416, 20
16.4447, 19
16.4502, 21
16.4532, 23
16.4563, 23
16.4594, 23
16.4624, 25
16.4654, 25
16.4685, 27
16.4715, 27
16.4746, 29
16.4777, 30
16.4808, 31
16.4838, 33
16.4869, 34
16.4899, 35
16.4930, 36
16.4961, 37
16.4992, 34
16.5023, 31
16.5053, 31
16.5083, 32
16.5113, 33
16.5145, 35
16.5175, 34
16.5205, 33
16.5237, 31
16.5267, 30
16.5297, 27
16.5328, 25
16.5355, 23
16.5384, 21
16.5412, 19
16.5441, 18
16.5470, 15
16.5498, 14
16.5527, 16
16.5556, 18
16.5584, 18
16.5613, 15
16.5642, 11
16.5671, 7
16.5699, 3
16.5728, 0
16.5757, 1
16.5786, 3
16.5815, 5
16.5843, 7
16.5872, 9
16.5900, 11
16.5929, 13
16.5958, 15
16.5989, 17
16.6028, 17
16.6059, 17
16.6090, 19
16.6123, 19
16.6156, 21
16.6190, 21
16.6230, 23
16.6256, 16
16.6288, 10
16.6321, 7
16.6355, 5
16.6388, 1
16.6421, 0
16.6454, 0
16.6487, 0
16.6521, 0
16.6553, 0
16.6586, 0
16.6619, 0
16.6652, 0
16.6685, 0
16.6718, 0
16.6752, 0
16.6781, 0
16.6814, 0
16.6846, 0
16.6877, 0
16.6908, 0
16.6939, 0
16.6970, 0
16.7001, 1
16.7034, 3
16.7067, 5
16.7099, 7
16.7131, 7
16.7164, 8
16.7196, 7
16.7229, 7
16.7261, 7
16.7294, 7
16.7326, 7
16.7359, 7
16.7395, 7
16.7427, 7
16.7460, 7
16.7492, 7
16.7524, 7
16.7558, 7
16.7589, 7
16.7621, 7
16.7653, 7
16.7686, 7
16.7718, 7
16.7750, 5
16.7779, 7
16.7810, 5
16.7841, 1
16.7871, 0
16.7902, 0
16.7934, 0
16.7966, 0
16.7997, 0
16.8026, 0
16.8059, 0
16.8090, 0
16.8120, 0
16.8151, 0
16.8182, 0
16.8213, 0
16.8243, 0
16.8274, 0
16.8304, 0
16.8334, 0
16.8365, 0
16.8396, 0
16.8427, 0
16.8459, 0
16.8489, 0
16.8517, 0
16.8547, 0
16.8574, 0
16.8605, 1
16.8633, 1
16.8662, 1
16.8700, 2
16.8725, 3
16.8757, 5
16.8788, 5
16.8816, 5
16.8843, 7
16.8872, 7
16.8899, 7
16.8928, 7
16.8964, 7
16.8992, 5
16.9010, 3
16.9038, 1
16.9072, 1
16.9120, 0
16.9142, 0
16.9171, 0
16.9214, 0
16.9233, 0
16.9249, 0
16.9284, 1
16.9310, 0
16.9333, 0
16.9363, 0
16.9390, 1
16.9421, 0
16.9450, 1
16.9478, 2
16.9510, 3
16.9541, 3
16.9576, 5
16.9601, 3
16.9631, 5
16.9673, 5
16.9701, 5
16.9733, 7
16.9760, 7
16.9816, 7
16.9835, 7
16.9874, 9
16.9908, 9
16.9938, 9
16.9964, 11
17.0013, 11
17.0031, 11
17.0046, 13
17.0085, 13
17.0101, 14
17.0144, 15
17.0172, 15
17.0201, 17
17.0218, 17
17.0244, 17
17.0276, 19
17.0310, 17
17.0336, 17
17.0369, 19
17.0401, 19
17.0434, 20
17.0463, 21
17.0495, 23
17.0532, 23
17.0569, 23
17.0600, 24
17.0627, 25
17.0663, 25
17.0689, 25
17.0724, 27
17.0758, 27
17.0793, 29
17.0830, 25
17.0897, 27
17.0912, 27
17.0942, 27
17.0962, 29
17.0995, 29
17.1021, 30
17.1044, 31
17.1066, 32
17.1101, 33
17.1128, 33
17.1158, 35
17.1181, 28
17.1210, 26
17.1240, 24
17.1268, 23
17.1298, 23
17.1326, 23
17.1507, 21
17.1531, 20
17.1662, 17
17.1670, 15
17.1678, 13
17.1687, 11
17.1699, 7
17.1711, 4
17.1732, 3
17.1746, 1
17.1768, 0
17.1781, 0
17.1806, 0
17.1837, 0
17.1865, 0
17.1884, 0
17.1904, 0
17.1937, 0
17.1964, 1
17.1985, 1
17.2031, 1
17.2052, 1
17.2102, 0
17.2224, 0
17.2260, 0
17.2290, 0
17.2326, 0
17.2379, 0
17.2408, 0
17.2437, 0
17.2467, 0
17.2482, 0
17.2491, 0
17.2502, 0
17.2511, 0
17.2521, 0
17.2530, 0
17.2539, 0
17.2564, 0
17.2593, 0
17.2615, 0
17.2643, 0
17.2672, 0
17.2701, 0
17.2730, 1
17.2761, 0
17.2789, 1
17.2817, 0
17.2848, 0
17.2879, 0
17.2911, 0
17.2940, 0
17.2970, 0
17.3001, 2
17.3037, 0
17.3066, 0
17.3095, 0
17.3118, 0
17.3154, 0
17.3185, 1
17.3214, 3
17.3231, 5
17.3262, 7
17.3293, 9
17.3323, 11
17.3354, 13
17.3383, 15
17.3414, 17
17.3445, 17
17.3474, 17
17.3504, 12
17.3535, 8
17.3566, 10
17.3599, 12
17.3630, 14
17.3661, 16
17.3691, 6
17.3724, 5
17.3755, 5
17.3787, 4
17.3818, 6
17.3849, 8
17.3880, 9
17.3911, 11
17.3942, 12
17.3972, 13
17.4003, 15
17.4034, 15
17.4065, 17
17.4096, 17
17.4127, 19
17.4160, 19
17.4180, 21
17.4209, 21
17.4246, 22
17.4274, 23
17.4292, 23
17.4330, 25
17.4363, 25
17.4391, 27
17.4418, 28
17.4444, 29
17.4471, 31
17.4496, 31
17.4520, 33
17.4547, 33
17.4573, 34
17.4602, 35
17.4637, 35
17.4660, 37
17.4686, 39
17.4708, 41
17.4728, 43
17.4762, 45
17.4825, 45
17.4849, 45
17.4880, 46
17.4909, 47
17.4939, 49
17.4968, 51
17.4985, 53
17.4994, 53
17.5016, 55
17.5041, 57
17.5061, 57
17.5088, 57
17.5113, 58
17.5135, 59
17.5161, 59
17.5183, 61
17.5206, 61
17.5236, 59
17.5260, 59
17.5284, 59
17.5307, 58
17.5331, 57
17.5355, 57
17.5381, 55
17.5404, 55
17.5428, 55
17.5449, 53
17.5479, 53
17.5503, 52
17.5526, 51
17.5550, 51
17.5573, 51
17.5596, 49
17.5619, 49
17.5643, 48
17.5670, 47
17.5691, 47
17.5714, 47
17.5739, 47
17.5762, 47
17.5787, 49
17.5811, 49
17.5834, 41
17.5858, 40
17.5881, 39
17.5914, 37
17.5938, 37
17.5961, 37
17.5986, 36
17.6011, 36
17.6035, 35
17.6058, 35
17.6082, 35
17.6106, 35
17.6128, 33
17.6145, 33
17.6168, 23
17.6199, 23
17.6223, 23
17.6246, 23
17.6270, 23
17.6294, 22
17.6319, 21
17.6343, 21
17.6365, 21
17.6393, 23
17.6415, 23
17.6440, 23
17.6469, 22
17.6484, 24
17.6512, 25
17.6537, 27
17.6563, 27
17.6583, 29
17.6611, 30
17.6634, 31
17.6659, 33
17.6682, 34
17.6712, 35
17.6735, 37
17.6760, 39
17.6787, 39
17.6811, 41
17.6838, 41
17.6862, 41
17.6888, 41
17.6905, 41
17.6952, 41
17.6970, 41
17.7024, 39
17.7051, 39
17.7072, 37
17.7138, 37
17.7162, 35
17.7191, 34
17.7222, 34
17.7270, 29
17.7321, 27
17.7339, 25
17.7382, 25
17.7391, 17
17.7418, 5
17.7434, 2
17.7473, 0
17.7491, 0
17.7523, 0
17.7543, 0
17.7565, 0
17.7590, 0
17.7617, 0
17.7645, 0
17.7669, 0
17.7695, 0
17.7715, 0
17.7744, 0
17.7764, 0
17.7793, 0
17.7817, 1
17.7843, 1
17.7863, 1
17.7892, 1
17.7912, 1
17.7940, 1
17.7972, 1
17.7998, 1
17.8024, 1
17.8048, 1
17.8072, 1
17.8094, 3
17.8119, 3
17.8143, 5
17.8180, 7
17.8189, 7
17.8210, 9
17.8255, 13
17.8293, 14
17.8323, 15
17.8346, 9
17.8371, 9
17.8423, 8
17.8460, 8
17.8481, 7
17.8517, 7
17.8552, 7
17.8580, 7
17.8594, 7
17.8632, 7
17.8661, 7
17.8687, 6
17.8715, 2
17.8741, 2
17.8767, 2
17.8803, 1
17.8828, 0
17.8854, 0
17.8886, 0
17.8906, 0
17.8936, 0
17.8973, 0
17.9022, 0
17.9031, 0
17.9089, 0
17.9120, 1
17.9159, 0
17.9201, 1
17.9245, 3
17.9282, 5
17.9316, 0
17.9358, 0
17.9395, 0
17.9424, 0
17.9446, 0
17.9471, 0
17.9506, 0
17.9535, 0
17.9574, 0
17.9615, 0
17.9657, 0
17.9699, 0
17.9741, 0
17.9779, 0
17.9820, 0
17.9858, 0
17.9891, 0
17.9932, 0
17.9965, 0
17.9998, 0
18.0039, 0
18.0088, 0
18.0120, 0
18.0162, 0
18.0214, 0
18.0258, 0
18.0279, 0
18.0309, 0
18.0352, 0
18.0369, 0
18.0398, 0
18.0433, 0
18.0465, 0
18.0492, 0
18.0553, 0
18.0592, 0
18.0629, 1
18.0668, 3
18.0706, 3
18.0757, 5
18.0786, 5
18.0817, 5
18.0847, 5
18.0877, 5
18.0909, 6
18.0942, 6
18.0981, 7
18.1018, 7
18.1052, 7
18.1085, 9
18.1120, 9
18.1152, 9
18.1176, 11
18.1248, 12
18.1278, 13
18.1299, 15
18.1322, 15
18.1344, 16
18.1368, 17
18.1395, 19
18.1428, 20
18.1457, 21
18.1491, 21
18.1511, 23
18.1540, 23
18.1552, 23
18.1575, 23
18.1602, 25
18.1633, 25
18.1664, 26
18.1694, 27
18.1725, 27
18.1750, 27
18.1783, 28
18.1816, 29
18.1846, 29
18.1877, 30
18.1909, 31
18.1941, 31
18.1972, 33
18.2004, 33
18.2036, 33
18.2067, 35
18.2099, 35
18.2130, 36
18.2161, 37
18.2191, 37
18.2222, 39
18.2254, 39
18.2284, 40
18.2316, 41
18.2346, 41
18.2378, 43
18.2408, 43
18.2435, 45
18.2463, 45
18.2491, 45
18.2524, 47
18.2546, 47
18.2571, 48
18.2592, 49
18.2632, 49
18.2645, 51
18.2659, 53
18.2686, 55
18.2713, 55
18.2739, 55
18.2765, 55
18.2791, 55
18.2817, 55
18.2841, 55
18.2868, 55
18.2895, 55
18.2915, 55
18.2939, 56
18.2965, 56
18.2989, 57
18.3014, 57
18.3039, 57
18.3065, 57
18.3089, 57
18.3114, 57
18.3138, 57
18.3163, 57
18.3188, 57
18.3214, 57
18.3236, 57
18.3261, 57
18.3285, 57
18.3310, 57
18.3357, 57
18.3382, 58
18.3411, 58
18.3432, 57
18.3456, 57
18.3480, 59
18.3503, 61
18.3532, 63
18.3560, 63
18.3593, 62
18.3622, 61
18.3650, 61
18.3683, 61
18.3711, 59
18.3740, 60
18.3772, 59
18.3801, 59
18.3832, 59
18.3862, 59
18.3903, 59
18.3932, 57
18.3964, 57
18.3997, 57
18.4055, 55
18.4086, 55
18.4113, 55
18.4135, 54
18.4165, 53
18.4204, 53
18.4235, 51
18.4267, 51
18.4297, 51
18.4328, 50
18.4360, 49
18.4393, 49
18.4424, 49
18.4455, 47
18.4487, 47
18.4529, 47
18.4555, 47
18.4590, 46
18.4615, 45
18.4654, 45
18.4675, 45
18.4715, 44
18.4731, 43
18.4778, 43
18.4813, 42
18.4845, 41
18.4879, 41
18.4907, 41
18.4942, 41
18.4981, 40
18.5010, 39
18.5036, 39
18.5067, 37
18.5097, 37
18.5129, 37
18.5153, 36
18.5178, 36
18.5216, 37
18.5243, 39
18.5258, 41
18.5296, 43
18.5327, 45
18.5363, 47
18.5388, 49
18.5418, 51
18.5448, 53
18.5481, 40
18.5512, 41
18.5545, 41
18.5577, 43
18.5606, 45
18.5637, 46
18.5667, 47
18.5699, 49
18.5729, 49
18.5759, 50
18.5790, 51
18.5821, 51
18.5853, 51
18.5884, 52
18.5956, 53
18.5987, 53
18.6003, 53
18.6036, 54
18.6073, 55
18.6091, 53
18.6122, 55
18.6153, 55
18.6184, 53
18.6211, 54
18.6231, 55
18.6250, 55
18.6282, 57
18.6313, 57
18.6340, 58
18.6370, 59
18.6387, 59
18.6405, 59
18.6434, 59
18.6465, 61
18.6494, 61
18.6518, 63
18.6547, 63
18.6569, 63
18.6587, 63
18.6622, 63
18.6633, 63
18.6653, 63
18.6703, 63
18.6714, 62
18.6745, 62
18.6786, 63
18.6802, 63
18.6828, 63
18.6845, 63
18.6871, 63
18.6886, 63
18.6926, 62
18.6949, 62
18.7010, 62
18.7036, 62
18.7050, 63
18.7077, 63
18.7104, 63
18.7176, 63
18.7187, 63
18.7213, 63
18.7235, 63
18.7262, 62
18.7272, 62
18.7322, 63
18.7331, 63
18.7365, 63
18.7399, 63
18.7440, 63
18.7451, 63
18.7483, 63
18.7529, 63
18.7553, 63
18.7580, 63
18.7591, 63
18.7616, 63
18.7650, 63
18.7680, 63
18.7712, 62
18.7739, 63
18.7774, 63
18.7803, 63
18.7847, 63
18.7857, 62
18.7898, 63
18.7908, 62
18.7933, 62
18.7965, 63
18.7981, 62
18.8009, 63
18.8060, 63
18.8090, 63
18.8121, 63
18.8142, 63
18.8173, 63
18.8212, 63
18.8233, 63
18.8255, 63
18.8277, 63
18.8295, 63
18.8326, 63
18.8356, 63
18.8382, 63
18.8409, 63
18.8441, 63
18.8457, 63
18.8483, 63
18.8499, 63
18.8520, 63
18.8540, 63
18.8572, 63
18.8593, 63
18.8615, 62
18.8646, 63
18.8687, 63
18.8717, 62
18.8739, 63
18.8760, 62
18.8781, 62
18.8802, 62
18.8823, 63
18.8855, 63
18.8888, 63
18.8923, 63
18.8942, 63
18.8974, 63
18.9012, 62
18.9061, 62
18.9071, 62
18.9108, 61
18.9157, 62
18.9167, 63
18.9227, 63
18.9236, 63
18.9264, 63
18.9296, 63
18.9326, 63
18.9360, 63
18.9383, 63
18.9413, 62
18.9445, 60
18.9469, 62
18.9503, 63
18.9535, 62
18.9570, 62
18.9592, 63
18.9615, 63
18.9665, 63
18.9694, 63
18.9711, 62
18.9738, 62
18.9780, 62
18.9812, 63
18.9851, 63
18.9876, 62
18.9896, 63
18.9933, 63
18.9963, 62
19.0008, 63
19.0049, 63
19.0074, 63
19.0084, 63
19.0135, 63
19.0165, 62
19.0181, 62
19.0236, 62
19.0249, 63
19.0283, 63
19.0308, 63
19.0332, 63
19.0404, 63
19.0416, 63
19.0436, 63
19.0454, 63
19.0490, 62
19.0502, 62
19.0558, 62
19.0568, 62
19.0586, 63
19.0616, 62
19.0644, 61
19.0670, 62
19.0694, 62
19.0763, 62
19.0799, 62
19.0806, 61
19.0827, 62
19.0860, 62
19.0907, 61
19.0965, 62
19.0991, 62
19.1022, 61
19.1053, 61
19.1120, 61
19.1139, 61
19.1197, 62
19.1219, 62
19.1292, 62
19.1304, 62
19.1375, 61
19.1415, 62
19.1459, 62
19.1471, 61
19.1485, 61
19.1510, 62
19.1561, 62
19.1657, 62
19.1669, 62
19.1680, 62
19.1710, 62
19.1739, 62
19.1783, 62
19.1807, 62
19.1868, 63
19.1926, 63
19.1936, 62
19.1953, 62
19.1963, 63
19.2012, 63
19.2021, 62
19.2032, 62
19.2059, 62
19.2148, 62
19.2202, 62
19.2227, 60
19.2241, 61
19.2253, 60
19.2277, 61
19.2297, 63
19.2309, 63
19.2351, 63
19.2382, 62
19.2423, 63
19.2452, 63
19.2541, 63
19.2550, 63
19.2558, 63
19.2567, 63
19.2581, 63
19.2591, 62
19.2627, 63
19.2638, 63
19.2663, 63
19.2697, 63
19.2724, 63
19.2747, 63
19.2769, 63
19.2792, 63
19.2816, 63
19.2859, 63
19.2896, 63
19.2930, 63
19.2973, 62
19.3002, 62
19.3029, 62
19.3057, 62
19.3088, 63
19.3120, 63
19.3154, 62
19.3187, 62
19.3233, 62
19.3275, 60
19.3304, 60
19.3364, 62
19.3391, 63
19.3403, 63
19.3436, 62
19.3480, 62
19.3496, 61
19.3537, 62
19.3583, 61
19.3613, 61
19.3656, 61
19.3704, 62
19.3750, 62
19.3797, 62
19.3844, 62
19.3890, 63
19.3935, 63
19.3968, 63
19.3998, 63
19.4022, 63
19.4071, 63
19.4125, 62
19.4345, 63
19.4452, 63
19.4458, 63
19.4463, 63
19.4471, 63
19.4481, 63
19.4486, 63
19.4491, 63
19.4500, 63
19.4566, 63
19.4576, 63
19.4591, 63
19.4604, 63
19.4614, 63
19.4623, 62
19.4657, 61
19.4709, 61
19.4714, 61
19.4731, 61
19.4755, 59
19.4783, 59
19.4807, 59
19.4835, 59
19.4863, 59
19.4892, 59
19.4914, 59
19.4935, 59
19.4956, 59
19.4978, 59
19.5001, 59
19.5026, 58
19.5069, 58
19.5101, 58
19.5106, 60
19.5163, 62
19.5197, 44
19.5248, 43
19.5277, 44
19.5306, 45
19.5331, 47
19.5362, 44
19.5390, 46
19.5417, 48
19.5445, 50
19.5474, 45
19.5499, 47
19.5523, 47
19.5550, 49
19.5574, 51
19.5601, 53
19.5611, 55
19.5636, 55
19.5662, 55
19.5689, 57
19.5715, 59
19.5743, 61
19.5760, 63
19.5773, 63
19.5789, 62
19.5830, 61
19.5852, 61
19.5868, 63
19.5885, 42
19.5907, 42
19.5949, 44
19.5975, 46
19.6012, 48
19.6043, 50
19.6068, 52
19.6098, 54
19.6134, 56
19.6164, 58
19.6188, 60
19.6224, 62
19.6266, 44
19.6280, 46
19.6333, 45
19.6362, 47
19.6394, 48
19.6420, 47
19.6448, 47
19.6478, 46
19.6502, 46
19.6519, 48
19.6547, 50
19.6589, 52
19.6609, 54
19.6654, 56
19.6677, 58
19.6703, 60
19.6730, 62
19.6751, 45
19.6784, 47
19.6813, 49
19.6845, 51
19.6858, 53
19.6886, 55
19.6916, 57
19.6947, 59
19.6969, 61
19.6997, 63
19.7016, 58
19.7044, 58
19.7070, 57
19.7098, 57
19.7125, 57
19.7161, 57
19.7205, 56
19.7275, 56
19.7323, 56
19.7354, 56
19.7381, 56
19.7411, 56
19.7437, 56
19.7464, 58
19.7477, 60
19.7506, 62
19.7534, 63
19.7558, 63
19.7588, 62
19.7613, 62
19.7639, 62
19.7650, 62
19.7688, 63
19.7708, 62
19.7752, 63
19.7786, 62
19.7815, 63
19.7844, 63
19.7878, 63
19.7908, 63
19.7939, 63
19.7967, 63
19.7994, 63
19.8022, 63
19.8048, 63
19.8074, 63
19.8164, 63
19.8189, 63
19.8218, 63
19.8249, 63
19.8261, 63
19.8279, 63
19.8289, 63
19.8312, 63
19.8330, 63
19.8346, 63
19.8367, 63
19.8379, 62
19.8395, 62
19.8410, 62
19.8427, 62
19.8451, 61
19.8475, 61
19.8498, 61
19.8508, 60
19.8533, 60
19.8545, 58
19.8560, 56
19.8578, 51
19.8608, 49
19.8631, 47
19.8648, 44
19.8673, 41
19.8695, 40
19.8728, 39
19.8759, 35
19.8784, 34
19.8805, 35
19.8830, 37
19.8850, 38
19.8874, 39
19.8903, 41
19.8936, 43
19.8968, 43
19.8998, 45
19.9029, 45
19.9061, 45
19.9091, 47
19.9123, 47
19.9155, 48
19.9184, 49
19.9215, 51
19.9247, 51
19.9275, 53
19.9305, 54
19.9336, 55
19.9366, 57
19.9397, 57
19.9428, 59
19.9459, 59
19.9488, 61
19.9520, 62
19.9549, 63
19.9579, 63
19.9600, 62
19.9625, 60
19.9652, 56
19.9673, 54
19.9713, 49
19.9737, 44
19.9764, 42
19.9788, 44
19.9829, 46
19.9864, 46
19.9890, 48
19.9911, 49
19.9950, 50
19.9971, 52
20.0006, 52
20.0042, 54
20.0078, 55
20.0104, 56
20.0127, 56
20.0175, 58
20.0205, 58
20.0234, 57
20.0296, 52
20.0316, 48
20.0329, 45
20.0363, 41
20.0382, 39
20.0419, 36
20.0516, 33
20.0535, 30
20.0545, 29
20.0554, 31
20.0560, 32
20.0564, 33
20.0625, 32
20.0636, 29
20.0668, 25
20.0699, 19
20.0712, 17
20.0746, 13
20.0785, 11
20.0813, 7
20.0853, 5
20.0879, 1
20.0917, 0
20.0966, 0
20.0977, 1
20.1015, 3
20.1029, 4
20.1046, 5
20.1075, 7
20.1108, 8
20.1138, 9
20.1168, 11
20.1202, 11
20.1236, 13
20.1280, 13
20.1312, 15
20.1349, 15
20.1380, 17
20.1428, 17
20.1475, 19
20.1526, 19
20.1548, 21
20.1574, 22
20.1599, 23
20.1625, 24
20.1653, 25
20.1677, 26
20.1711, 27
20.1741, 28
20.1770, 29
20.1797, 31
20.1824, 31
20.1848, 32
20.1874, 33
20.1901, 34
20.1928, 35
20.1953, 37
20.1978, 37
20.2003, 39
20.2027, 39
20.2053, 40
20.2077, 41
20.2102, 43
20.2126, 43
20.2153, 45
20.2180, 45
20.2207, 47
20.2234, 47
20.2259, 49
20.2282, 49
20.2313, 51
20.2356, 51
20.2363, 48
20.2416, 45
20.2451, 45
20.2475, 45
20.2488, 45
20.2518, 47
20.2547, 49
20.2574, 49
20.2602, 46
20.2622, 48
20.2649, 46
20.2674, 43
20.2704, 44
20.2727, 46
20.2750, 41
20.2777, 43
20.2814, 41
20.2843, 43
20.2871, 41
20.2899, 42
20.2927, 41
20.2957, 42
20.2986, 42
20.3014, 41
20.3035, 41
20.3062, 41
20.3095, 42
20.3125, 41
20.3151, 41
20.3181, 41
20.3209, 41
20.3238, 41
20.3262, 40
20.3290, 39
20.3321, 39
20.3348, 40
20.3371, 41
20.3397, 42
20.3422, 43
20.3446, 44
20.3470, 45
20.3493, 46
20.3542, 47
20.3552, 47
20.3586, 49
20.3606, 49
20.3632, 51
20.3658, 51
20.3686, 53
20.3717, 53
20.3748, 55
20.3777, 55
20.3808, 57
20.3838, 58
20.3863, 59
20.3893, 61
20.3934, 61
20.3980, 62
20.4013, 63
20.4029, 63
20.4055, 62
20.4081, 62
20.4109, 62
20.4137, 61
20.4158, 60
20.4181, 59
20.4204, 58
20.4230, 58
20.4254, 57
20.4292, 58
20.4316, 58
20.4354, 60
20.4372, 61
20.4403, 62
20.4446, 63
20.4471, 63
20.4509, 63
20.4552, 62
20.4586, 62
20.4620, 63
20.4657, 63
20.4698, 63
20.4708, 63
20.4776, 63
20.4786, 63
20.4836, 62
20.4878, 63
20.4914, 63
20.4951, 62
20.5015, 63
20.5031, 63
20.5063, 63
20.5090, 63
20.5104, 63
20.5138, 63
20.5171, 63
20.5191, 63
20.5223, 63
20.5252, 62
20.5283, 62
20.5311, 62
20.5331, 63
20.5362, 62
20.5392, 62
20.5423, 62
20.5454, 62
20.5485, 61
20.5516, 60
20.5547, 59
20.5578, 59
20.5609, 59
20.5640, 58
20.5671, 58
20.5703, 57
20.5733, 57
20.5764, 58
20.5794, 59
20.5825, 60
20.5855, 62
20.5885, 63
20.5921, 62
20.5964, 62
20.6012, 63
20.6045, 62
20.6065, 63
20.6107, 63
20.6128, 63
20.6156, 62
20.6200, 62
20.6233, 62
20.6266, 62
20.6290, 62
20.6315, 62
20.6358, 60
20.6383, 61
20.6413, 61
20.6443, 63
20.6471, 63
20.6492, 63
20.6531, 63
20.6560, 63
20.6590, 62
20.6613, 63
20.6660, 62
20.6693, 63
20.6714, 62
20.6745, 62
20.6781, 63
20.6806, 62
20.6837, 63
20.6853, 63
20.6875, 62
20.6910, 63
20.6941, 61
20.6972, 62
20.7003, 62
20.7034, 63
20.7064, 63
20.7085, 62
20.7124, 63
20.7156, 63
20.7177, 63
20.7198, 63
20.7225, 63
20.7245, 62
20.7275, 63
20.7299, 63
20.7316, 62
20.7342, 63
20.7368, 63
20.7411, 63
20.7432, 62
20.7485, 63
20.7525, 63
20.7546, 63
20.7577, 62
20.7608, 62
20.7639, 62
20.7672, 62
20.7701, 61
20.7732, 60
20.7763, 61
20.7793, 61
20.7828, 59
20.7847, 58
20.7875, 56
20.7918, 56
20.7942, 56
20.7967, 56
20.7994, 56
20.8021, 56
20.8052, 55
20.8082, 54
20.8108, 53
20.8158, 50
20.8190, 49
20.8222, 47
20.8253, 45
20.8284, 41
20.8315, 39
20.8346, 39
20.8377, 37
20.8415, 32
20.8446, 31
20.8480, 30
20.8511, 29
20.8542, 27
20.8573, 27
20.8604, 25
20.8637, 25
20.8666, 23
20.8712, 21
20.8750, 21
20.8782, 21
20.8813, 19
20.8844, 19
20.8874, 19
20.8905, 18
20.8936, 17
20.8967, 15
20.8997, 15
20.9027, 13
20.9058, 13
20.9088, 13
20.9119, 13
20.9142, 13
20.9176, 13
20.9202, 12
20.9234, 13
20.9278, 13
20.9298, 13
20.9344, 13
20.9388, 14
20.9434, 15
20.9475, 15
20.9514, 15
20.9555, 15
20.9602, 15
20.9622, 16
20.9652, 17
20.9678, 17
20.9708, 17
20.9737, 17
20.9766, 17
20.9796, 18
20.9830, 18
20.9907, 19
20.9935, 19
20.9965, 19
20.9997, 19
21.0023, 19
21.0053, 20
21.0084, 18
21.0105, 19
21.0136, 19
21.0166, 19
21.0197, 19
21.0219, 19
21.0240, 21
21.0262, 21
21.0292, 21
21.0324, 21
21.0345, 21
21.0369, 21
21.0392, 22
21.0421, 22
21.0452, 23
21.0475, 23
21.0514, 23
21.0540, 23
21.0604, 23
21.0634, 23
21.0663, 23
21.0694, 23
21.0724, 23
21.0757, 23
21.0793, 23
21.0823, 22
21.0860, 23
21.0928, 23
21.0947, 23
21.0975, 23
21.1009, 23
21.1049, 23
21.1078, 23
21.1115, 23
21.1135, 23
21.1168, 23
21.1195, 23
21.1228, 24
21.1253, 24
21.1274, 25
21.1294, 23
21.1313, 23
21.1328, 23
21.1348, 23
21.1374, 23
21.1388, 23
21.1431, 25
21.1475, 26
21.1510, 27
21.1540, 25
21.1576, 25
21.1599, 25
21.1633, 24
21.1665, 23
21.1714, 23
21.1758, 21
21.1816, 21
21.1891, 23
21.1910, 23
21.1955, 27
21.1984, 27
21.2027, 25
21.2065, 25
21.2082, 23
21.2114, 23
21.2134, 23
21.2168, 23
21.2207, 22
21.2244, 21
21.2276, 21
21.2318, 21
21.2359, 19
21.2398, 19
21.2437, 19
21.2471, 20
21.2534, 21
21.2544, 22
21.2562, 23
21.2593, 24
21.2625, 25
21.2658, 27
21.2689, 27
21.2725, 29
21.2756, 29
21.2794, 29
21.2821, 31
21.2855, 33
21.2887, 35
21.2923, 37
21.2954, 39
21.2988, 41
21.3020, 43
21.3059, 45
21.3084, 47
21.3116, 49
21.3147, 39
21.3178, 39
21.3210, 39
21.3247, 38
21.3275, 38
21.3307, 37
21.3339, 37
21.3371, 37
21.3403, 37
21.3436, 37
21.3468, 38
21.3499, 38
21.3531, 38
21.3562, 38
21.3595, 38
21.3630, 39
21.3660, 39
21.3692, 39
21.3725, 38
21.3757, 38
21.3790, 37
21.3823, 37
21.3856, 37
21.3888, 37
21.3919, 37
21.3951, 37
21.3983, 37
21.4017, 37
21.4050, 37
21.4073, 36
21.4096, 36
21.4119, 36
21.4143, 35
21.4176, 35
21.4214, 35
21.4238, 35
21.4285, 35
21.4323, 35
21.4356, 35
21.4383, 34
21.4414, 34
21.4447, 34
21.4473, 33
21.4503, 33
21.4540, 33
21.4567, 33
21.4597, 33
21.4632, 33
21.4663, 33
21.4694, 33
21.4718, 33
21.4755, 33
21.4773, 32
21.4809, 31
21.4823, 31
21.4850, 33
21.4887, 35
21.4904, 37
21.4932, 39
21.4964, 41
21.4993, 43
21.5020, 45
21.5046, 45
21.5077, 45
21.5105, 45
21.5136, 45
21.5168, 45
21.5198, 45
21.5230, 45
21.5260, 47
21.5291, 47
21.5321, 47
21.5352, 47
21.5383, 47
21.5414, 47
21.5445, 47
21.5476, 47
21.5506, 47
21.5537, 47
21.5568, 48
21.5599, 48
21.5629, 48
21.5660, 49
21.5693, 49
21.5723, 49
21.5755, 49
21.5787, 49
21.5818, 49
21.5848, 49
21.5879, 49
21.5910, 49
21.5940, 49
21.5971, 49
21.6002, 49
21.6032, 49
21.6064, 48
21.6095, 48
21.6126, 49
21.6157, 49
21.6188, 49
21.6219, 47
21.6252, 45
21.6283, 45
21.6314, 45
21.6345, 43
21.6376, 43
21.6407, 40
21.6440, 39
21.6473, 36
21.6510, 35
21.6537, 33
21.6566, 31
21.6600, 30
21.6631, 31
21.6667, 33
21.6696, 35
21.6728, 37
21.6760, 39
21.6792, 41
21.6824, 43
21.6859, 45
21.6892, 47
21.6939, 49
21.6954, 51
21.6987, 53
21.7014, 54
21.7046, 55
21.7080, 57
21.7111, 59
21.7141, 59
21.7173, 61
21.7206, 61
21.7239, 61
21.7269, 61
21.7302, 61
21.7335, 61
21.7366, 61
21.7397, 61
21.7431, 61
21.7460, 61
21.7498, 61
21.7559, 61
21.7601, 61
21.7646, 61
21.7694, 61
21.7742, 61
21.7785, 63
21.7826, 63
21.7871, 63
21.7934, 62
21.7977, 62
21.8026, 62
21.8049, 63
21.8112, 63
21.8152, 62
21.8185, 63
21.8212, 63
21.8242, 63
21.8275, 62
21.8299, 62
21.8324, 62
21.8366, 63
21.8404, 63
21.8424, 63
21.8452, 62
21.8509, 62
21.8523, 62
21.8585, 60
21.8595, 60
21.8637, 47
21.8660, 47
21.8682, 47
21.8705, 46
21.8727, 46
21.8783, 47
21.8808, 45
21.8857, 41
21.8870, 37
21.8930, 25
21.8948, 21
21.8971, 19
21.8994, 11
21.9030, 0
21.9053, 0
21.9205, 0
21.9277, 0
21.9287, 0
21.9296, 0
21.9305, 1
21.9314, 3
21.9323, 3
21.9331, 3
21.9340, 3
21.9344, 3
21.9367, 3
21.9403, 3
21.9428, 3
21.9460, 3
21.9494, 3
21.9525, 2
21.9558, 2
21.9591, 1
21.9621, 0
21.9653, 1
21.9684, 3
21.9713, 5
21.9743, 5
21.9774, 7
21.9809, 7
21.9841, 7
21.9873, 7
21.9896, 6
21.9929, 6
21.9963, 8
21.9991, 10
22.0028, 12
22.0056, 14
22.0093, 16
22.0124, 18
22.0151, 20
22.0183, 22
22.0221, 24
22.0246, 17
22.0274, 15
22.0302, 17
22.0334, 17
22.0352, 15
22.0375, 17
22.0410, 17
22.0427, 17
22.0455, 17
22.0467, 17
22.0493, 17
22.0520, 16
22.0550, 15
22.0581, 14
22.0614, 13
22.0646, 13
22.0682, 13
22.0718, 13
22.0751, 15
22.0783, 17
22.0809, 17
22.0843, 17
22.0877, 17
22.0908, 17
22.0943, 17
22.0975, 17
22.1008, 17
22.1036, 17
22.1073, 17
22.1121, 17
22.1154, 17
22.1203, 16
22.1232, 16
22.1272, 15
22.1294, 15
22.1335, 15
22.1366, 13
22.1406, 10
22.1436, 7
22.1479, 1
22.1514, 0
22.1575, 0
22.1611, 0
22.1637, 0
22.1666, 0
22.1701, 0
22.1737, 0
22.1758, 0
22.1791, 0
22.1833, 0
22.1864, 1
22.1888, 3
22.1926, 5
22.1958, 7
22.1973, 7
22.2004, 9
22.2030, 10
22.2065, 11
22.2101, 11
22.2135, 12
22.2168, 13
22.2202, 13
22.2243, 15
22.2272, 15
22.2305, 16
22.2334, 17
22.2363, 17
22.2395, 19
22.2419, 19
22.2444, 21
22.2468, 21
22.2494, 23
22.2520, 23
22.2545, 24
22.2569, 25
22.2594, 26
22.2618, 27
22.2643, 28
22.2669, 29
22.2694, 29
22.2719, 31
22.2745, 31
22.2770, 31
22.2795, 31
22.2823, 31
22.2849, 31
22.2875, 31
22.2900, 30
22.2927, 30
22.2952, 29
22.2979, 30
22.3005, 31
22.3031, 33
22.3057, 33
22.3082, 35
22.3109, 36
22.3136, 36
22.3160, 37
22.3184, 37
22.3208, 38
22.3277, 39
22.3313, 39
22.3334, 39
22.3363, 41
22.3385, 41
22.3416, 43
22.3443, 43
22.3478, 45
22.3501, 45
22.3525, 47
22.3544, 47
22.3573, 49
22.3608, 51
22.3629, 53
22.3649, 55
22.3673, 55
22.3695, 57
22.3720, 57
22.3744, 59
22.3789, 59
22.3814, 61
22.3835, 61
22.3859, 63
22.3901, 63
22.3912, 63
22.3944, 63
22.3976, 62
22.4007, 61
22.4036, 61
22.4067, 61
22.4095, 59
22.4127, 59
22.4157, 61
22.4185, 61
22.4233, 61
22.4261, 63
22.4280, 62
22.4310, 63
22.4328, 63
22.4345, 63
22.4374, 63
22.4409, 63
22.4456, 63
22.4480, 63
22.4500, 63
22.4514, 62
22.4542, 63
22.4578, 63
22.4608, 63
22.4637, 63
22.4655, 63
22.4694, 63
22.4723, 63
22.4783, 62
22.4817, 62
22.4861, 63
22.4900, 62
22.4939, 62
22.4980, 63
22.5022, 62
22.5058, 61
22.5087, 61
22.5111, 61
22.5135, 60
22.5158, 59
22.5185, 58
22.5213, 57
22.5244, 57
22.5265, 57
22.5280, 58
22.5315, 58
22.5350, 58
22.5391, 57
22.5429, 57
22.5464, 56
22.5498, 56
22.5533, 57
22.5564, 56
22.5597, 55
22.5635, 53
22.5668, 50
22.5696, 50
22.5727, 50
22.5754, 49
22.5786, 47
22.5814, 47
22.5849, 45
22.5880, 45
22.5909, 44
22.5938, 44
22.5965, 42
22.6000, 41
22.6026, 40
22.6053, 39
22.6085, 38
22.6111, 39
22.6136, 38
22.6166, 38
22.6190, 38
22.6208, 38
22.6232, 38
22.6258, 39
22.6281, 39
22.6304, 39
22.6323, 39
22.6352, 39
22.6375, 40
22.6395, 40
22.6426, 40
22.6458, 41
22.6479, 41
22.6499, 41
22.6531, 41
22.6550, 41
22.6563, 42
22.6584, 42
22.6603, 42
22.6630, 43
22.6645, 43
22.6676, 43
22.6702, 43
22.6726, 43
22.6754, 43
22.6783, 44
22.6809, 44
22.6834, 44
22.6860, 44
22.6890, 45
22.6918, 45
22.6948, 45
22.6977, 45
22.7002, 45
22.7031, 46
22.7062, 46
22.7094, 47
22.7122, 47
22.7148, 47
22.7179, 47
22.7212, 48
22.7244, 48
22.7270, 48
22.7298, 48
22.7328, 49
22.7356, 49
22.7384, 49
22.7406, 50
22.7418, 50
22.7446, 50
22.7460, 50
22.7478, 50
22.7495, 50
22.7508, 50
22.7529, 51
22.7548, 51
22.7563, 51
22.7611, 51
22.7644, 51
22.7675, 52
22.7714, 52
22.7740, 52
22.7769, 53
22.7784, 53
22.7793, 53
22.7801, 53
22.7808, 54
22.7816, 54
22.7824, 54
22.7832, 54
22.7839, 55
22.7847, 55
22.7855, 55
22.7863, 56
22.7886, 56
22.7903, 56
22.7918, 56
22.7939, 57
22.7953, 57
22.7981, 57
22.8005, 57
22.8023, 58
22.8061, 58
22.8111, 58
22.8135, 58
22.8160, 59
22.8179, 60
22.8203, 61
22.8230, 62
22.8255, 63
22.8278, 63
22.8303, 63
22.8320, 61
22.8338, 60
22.8361, 58
22.8384, 57
22.8410, 56
22.8435, 56
22.8457, 55
22.8482, 54
22.8508, 54
22.8528, 53
22.8559, 52
22.8582, 52
22.8606, 51
22.8626, 51
22.8643, 50
22.8668, 49
22.8691, 48
22.8712, 48
22.8732, 47
22.8760, 47
22.8784, 46
22.9567, 46
22.9578, 45
22.9586, 44
22.9595, 43
22.9604, 41
22.9612, 36
22.9621, 36
22.9629, 37
22.9638, 37
22.9647, 37
22.9656, 36
22.9664, 33
22.9673, 34
22.9682, 34
22.9690, 27
22.9699, 27
22.9708, 28
22.9716, 28
22.9723, 28
22.9731, 29
22.9738, 28
22.9745, 28
22.9753, 27
22.9760, 26
22.9768, 26
22.9777, 25
22.9785, 24
22.9795, 24
22.9804, 23
22.9813, 22
22.9821, 22
22.9830, 22
22.9839, 21
22.9848, 20
22.9856, 19
22.9865, 19
22.9873, 18
22.9882, 17
22.9891, 16
22.9900, 15
22.9908, 15
22.9916, 15
22.9925, 15
22.9933, 15
22.9941, 16
22.9950, 16
22.9959, 16
22.9968, 16
22.9976, 17
22.9985, 16
22.9993, 17
23.0001, 18
23.0010, 17
23.0018, 17
23.0027, 17
23.0035, 17
23.0044, 17
23.0052, 17
23.0060, 17
23.0069, 18
23.0077, 18
23.0087, 18
23.0095, 18
23.0103, 18
23.0111, 18
23.0119, 18
23.0128, 18
23.0144, 18
23.0158, 19
23.0187, 19
23.0196, 19
23.0207, 19
23.0226, 19
23.0254, 19
23.0266, 19
23.0287, 20
23.0306, 16
23.0328, 15
23.0350, 11
23.0373, 10
23.0383, 8
23.0417, 8
23.0432, 8
23.0447, 9
23.0464, 9
23.0483, 9
23.0503, 9
23.0523, 9
23.0648, 9
23.0655, 10
23.0756, 10
23.0765, 10
23.0774, 10
23.0785, 10
23.0794, 10
23.0804, 11
23.0814, 11
23.0852, 11
23.0875, 12
23.0885, 12
23.0895, 13
23.0910, 14
23.0930, 13
23.0950, 14
23.0971, 14
23.0989, 14
23.1014, 15
23.1033, 15
23.1052, 16
23.1071, 16
23.1088, 17
23.1098, 17
23.1108, 18
23.1118, 18
23.1126, 18
23.1143, 19
23.1165, 19
23.1175, 20
23.1184, 20
23.1258, 21
23.1317, 21
23.1331, 21
23.1349, 22
23.1360, 22
23.1405, 23
23.1611, 21
23.1653, 22
23.1669, 22
23.1681, 23
23.1693, 23
23.1704, 24
23.1716, 25
23.1728, 25
23.1740, 26
23.1752, 27
23.1762, 27
23.1787, 27
23.1804, 28
23.1817, 28
23.1829, 29
23.1842, 30
23.1854, 30
23.1866, 31
23.1873, 32
23.1890, 32
23.1928, 34
23.1942, 34
23.1955, 34
23.1969, 35
23.1978, 35
23.1988, 35
23.1997, 35
23.2006, 36
23.2016, 37
23.2026, 37
23.2035, 38
23.2046, 39
23.2061, 39
23.2073, 40
23.2087, 40
23.2096, 40
23.2106, 41
23.2124, 42
23.2134, 42
23.2143, 42
23.2153, 43
23.2158, 44
23.2163, 44
23.2173, 44
23.2183, 45
23.2194, 45
23.2204, 46
23.2209, 47
23.2220, 47
23.2235, 48
23.2266, 49
23.2290, 49
23.2309, 48
23.2316, 49
23.2336, 49
23.2361, 50
23.2374, 49
23.2392, 48
23.2408, 49
23.2430, 50
23.2457, 50
23.2482, 50
23.2506, 50
23.2525, 51
23.2532, 51
23.2567, 51
23.2587, 51
23.2606, 51
23.2631, 52
23.2661, 52
23.2689, 52
23.2717, 53
23.2740, 54
23.2767, 54
23.2795, 55
23.2829, 56
23.2850, 57
23.2878, 58
23.2918, 59
23.2946, 60
23.2967, 59
23.2998, 59
23.3022, 59
23.3046, 60
23.3079, 60
23.3096, 61
23.3117, 62
23.3143, 62
23.3169, 63
23.3201, 63
23.3213, 63
23.3225, 63
23.3237, 50
23.3250, 51
23.3263, 51
23.3285, 51
23.3302, 51
23.3314, 51
23.3334, 51
23.3350, 52
23.3364, 52
23.3380, 52
23.3390, 52
23.3399, 52
23.3409, 52
23.3418, 52
23.3428, 52
23.3439, 52
23.3449, 53
23.3458, 53
23.3467, 53
23.3477, 53
23.3495, 53
23.3514, 53
23.3526, 53
23.3542, 53
23.3554, 53
23.3568, 53
23.3584, 53
23.3596, 54
23.3610, 54
23.3628, 54
23.3643, 54
23.3670, 54
23.3697, 54
23.3716, 54
23.3732, 54
23.3749, 55
23.3772, 55
23.3789, 55
23.3812, 55
23.3830, 55
23.3848, 55
23.3866, 55
23.3891, 56
23.3904, 56
23.3926, 56
23.3943, 56
23.3969, 56
23.3982, 56
23.3994, 56
23.4016, 56
23.4033, 56
23.4045, 57
23.4183, 57
23.4206, 57
23.4236, 58
23.4257, 59
23.4284, 60
23.4311, 60
23.4337, 61
23.4361, 61
23.4387, 62
23.4414, 63
23.4438, 63
23.4463, 62
23.4492, 62
23.4518, 62
23.4543, 63
23.4570, 62
23.4600, 63
23.4621, 62
23.4636, 62
23.4651, 61
23.4666, 61
23.4682, 61
23.4694, 61
23.4710, 61
23.4743, 61
23.4752, 62
23.4777, 62
23.4790, 62
23.4801, 62
23.4831, 62
23.4848, 62
23.4864, 62
23.4879, 63
23.4897, 63
23.4914, 63
23.4928, 62
23.4945, 63
23.4976, 63
23.4987, 63
23.5010, 63
23.5035, 63
23.5055, 62
23.5074, 62
23.5093, 62
23.5114, 61
23.5136, 61
23.5156, 61
23.5176, 60
23.5202, 60
23.5227, 59
23.5251, 59
23.5272, 60
23.5297, 60
23.5327, 60
23.5351, 60
23.5373, 60
23.5396, 61
23.5419, 61
23.5442, 61
23.5466, 61
23.5492, 61
23.5512, 62
23.5531, 62
23.5554, 62
23.5578, 63
23.5596, 63
23.5617, 63
23.5636, 63
23.5656, 63
23.5674, 63
23.5700, 63
23.5727, 63
23.5752, 63
23.5779, 63
23.5804, 63
23.5831, 63
23.5855, 63
23.5883, 63
23.5911, 63
23.5932, 63
23.5957, 63
23.5980, 63
23.5985, 63
23.6010, 63
23.6021, 63
23.6032, 63
23.6045, 63
23.6059, 63
23.6072, 63
23.6086, 63
23.6103, 63
23.6124, 63
23.6149, 63
23.6170, 63
23.6193, 63
23.6219, 63
23.6239, 62
23.6247, 62
23.6255, 63
23.6264, 63
23.6273, 63
23.6282, 63
23.6290, 63
23.6299, 63
23.6307, 63
23.6315, 63
23.6326, 63
23.6336, 63
23.6345, 63
23.6365, 63
23.6373, 63
23.6381, 63
23.6389, 63
23.6399, 63
23.6407, 63
23.6416, 63
23.6458, 63
23.6498, 63
23.6513, 63
23.6539, 63
23.6568, 63
23.6589, 63
23.6604, 63
23.6615, 63
23.6640, 63
23.6686, 63
23.6715, 63
23.6744, 63
23.6765, 63
23.6790, 63
23.6805, 63
23.6839, 63
23.6855, 63
23.6892, 63
23.6918, 63
23.6933, 63
23.6959, 63
23.6969, 62
23.6975, 62
23.6986, 63
23.7022, 63
23.7056, 63
23.7080, 63
23.7092, 63
23.7113, 63
23.7123, 63
23.7149, 63
23.7172, 63
23.7196, 63
23.7206, 63
23.7217, 63
23.7257, 63
23.7274, 63
23.7292, 63
23.7317, 63
23.7341, 63
23.7441, 63
23.7492, 63
23.7512, 63
23.7533, 63
23.7551, 63
23.7579, 63
23.7604, 63
23.7618, 63
23.7656, 63
23.7673, 63
23.7695, 63
23.7722, 63
23.7745, 63
23.7771, 63
23.7799, 63
23.7824, 63
23.7846, 63
23.7867, 63
23.7888, 63
23.7910, 63
23.7939, 63
23.7961, 63
23.7982, 63
23.8004, 63
23.8027, 63
23.8051, 63
23.8076, 63
23.8091, 63
23.8114, 63
23.8137, 63
23.8159, 62
23.8180, 62
23.8206, 62
23.8227, 62
23.8247, 62
23.8268, 61
23.8292, 62
23.8315, 62
23.8338, 62
23.8367, 63
23.8387, 63
23.8409, 63
23.8432, 63
23.8453, 63
23.8474, 63
23.8494, 63
23.8515, 63
23.8535, 63
23.8557, 63
23.8592, 63
23.8677, 63
23.8738, 63
23.8771, 63
23.8797, 63
23.8818, 63
23.8841, 63
23.8875, 63
23.8895, 63
23.8928, 63
23.8940, 63
23.8949, 63
23.8957, 63
23.8968, 63
23.8976, 63
23.8983, 63
23.8991, 62
23.8999, 62
23.9006, 62
23.9013, 62
23.9080, 63
23.9092, 63
23.9131, 62
23.9150, 63
23.9164, 63
23.9192, 63
23.9221, 63
23.9251, 63
23.9285, 63
23.9308, 63
23.9327, 63
23.9354, 63
23.9375, 63
23.9406, 63
23.9417, 63
23.9439, 63
23.9469, 63
23.9494, 63
23.9524, 63
23.9566, 63
23.9590, 63
23.9610, 63
23.9646, 63
23.9674, 63
23.9699, 63
23.9721, 63
23.9750, 63
23.9770, 63
23.9791, 63
23.9822, 63
23.9840, 63
23.9873, 63
23.9893, 62
23.9921, 63
23.9946, 63
23.9986, 63
24.0008, 63
24.0037, 63
24.0063, 63
24.0086, 63
24.0115, 63
24.0137, 63
24.0163, 63
24.0188, 63
24.0210, 63
24.0242, 63
24.0258, 63
24.0288, 63
24.0308, 63
24.0340, 63
24.0359, 63
24.0382, 63
24.0407, 63
24.0432, 63
24.0460, 63
24.0481, 63
24.0494, 63
24.0550, 63
24.0564, 63
24.0574, 63
24.0587, 63
24.0599, 63
24.0611, 63
24.0650, 62
24.0678, 62
24.0688, 60
24.0697, 60
24.0706, 60
24.0715, 60
24.0726, 60
24.0735, 61
24.0743, 60
24.0751, 60
24.0759, 60
24.0796, 60
24.0823, 60
24.0847, 60
24.0870, 60
24.0896, 60
24.0920, 61
24.0943, 61
24.0968, 61
24.0999, 61
24.1026, 60
24.1051, 59
24.1077, 58
24.1103, 55
24.1127, 54
24.1154, 53
24.1183, 52
24.1209, 51
24.1233, 50
24.1252, 49
24.1279, 47
24.1303, 46
24.1327, 45
24.1351, 44
24.1373, 44
24.1397, 42
24.1426, 41
24.1449, 40
24.1472, 41
24.1497, 40
24.1522, 40
24.1545, 39
24.1570, 39
24.1602, 38
24.1628, 38
24.1647, 38
24.1673, 38
24.1696, 38
24.1722, 38
24.1736, 37
24.1755, 37
24.1775, 37
24.1800, 37
24.1812, 38
24.1840, 38
24.1869, 38
24.1895, 38
24.1908, 37
24.1926, 37
24.1951, 36
24.1969, 36
24.1989, 36
24.2000, 35
24.2014, 35
24.2037, 34
24.2049, 34
24.2071, 34
24.2083, 35
24.2101, 35
24.2133, 36
24.2152, 35
24.2171, 35
24.2200, 35
24.2217, 35
24.2230, 35
24.2250, 35
24.2262, 36
24.2275, 36
24.2286, 36
24.2302, 36
24.2321, 37
24.2341, 37
24.2371, 37
24.2392, 37
24.2413, 37
24.2438, 37
24.2494, 38
24.2524, 38
24.2553, 38
24.2559, 38
24.2587, 38
24.2612, 39
24.2618, 39
24.2641, 39
24.2650, 39
24.2678, 40
24.2727, 40
24.2744, 35
24.2781, 36
24.2810, 36
24.2819, 37
24.2828, 38
24.2837, 39
24.2846, 40
24.2855, 41
24.2864, 42
24.2874, 43
24.2883, 43
24.2892, 44
24.2950, 45
24.2959, 46
24.2998, 46
24.3022, 47
24.3040, 48
24.3050, 49
24.3056, 49
24.3065, 50
24.3074, 50
24.3083, 51
24.3092, 52
24.3102, 53
24.3111, 54
24.3193, 54
24.3203, 55
24.3212, 55
24.3221, 56
24.3279, 57
24.3307, 58
24.3365, 58
24.3385, 59
24.3398, 60
24.3419, 60
24.3445, 61
24.3455, 61
24.3481, 62
24.3505, 63
24.3515, 63
24.3532, 63
24.3562, 63
24.3585, 63
24.3607, 63
24.3620, 63
24.3643, 63
24.3667, 63
24.3687, 63
24.3698, 63
24.3723, 63
24.3750, 63
24.3768, 63
24.3791, 63
24.3802, 63
24.3829, 63
24.3850, 63
24.3869, 63
24.3879, 63
24.3888, 63
24.3898, 63
24.3908, 63
24.3918, 63
24.3927, 63
24.3937, 63
24.3983, 63
24.3988, 63
24.4015, 63
24.4035, 63
24.4057, 63
24.4090, 63
24.4116, 63
24.4140, 63
24.4159, 63
24.4177, 63
24.4220, 63
24.4239, 63
24.4272, 63
24.4293, 63
24.4323, 63
24.4338, 63
24.4362, 63
24.4403, 63
24.4423, 63
24.4436, 63
24.4456, 63
24.4477, 63
24.4497, 63
24.4516, 63
24.4540, 63
24.4564, 63
24.4579, 63
24.4600, 63
24.4610, 63
24.4620, 63
24.4661, 63
24.4683, 63
24.4707, 63
24.4731, 63
24.4752, 63
24.4779, 63
24.4801, 63
24.4825, 63
24.4846, 63
24.4869, 63
24.4925, 63
24.4956, 63
24.4965, 63
24.5016, 63
24.5036, 63
24.5067, 63
24.5098, 63
24.5125, 63
24.5162, 63
24.5203, 63
24.5213, 63
24.5251, 63
24.5288, 63
24.5326, 63
24.5355, 63
24.5376, 63
24.5400, 63
24.5420, 63
24.5440, 63
24.5464, 63
24.5488, 63
24.5516, 63
24.5546, 63
24.5568, 63
24.5595, 63
24.5611, 63
24.5627, 63
24.5636, 63
24.5654, 63
24.5675, 63
24.5698, 63
24.5723, 63
24.5742, 63
24.5765, 63
24.5782, 63
24.5800, 63
24.5818, 63
24.5836, 63
24.5858, 63
24.5879, 63
24.5934, 63
24.5982, 63
24.6005, 63
24.6038, 63
24.6052, 63
24.6065, 63
24.6078, 63
24.6090, 63
24.6103, 63
24.6116, 63
24.6133, 63
24.6155, 63
24.6187, 63
24.6193, 63
24.6226, 63
24.6265, 63
24.6295, 63
24.6314, 63
24.6340, 63
24.6382, 63
24.6396, 64
24.6418, 63
24.6479, 63
24.6503, 63
24.6526, 63
24.6550, 63
24.6566, 63
24.6585, 63
24.6633, 63
24.6653, 63
24.6673, 63
24.6690, 62
24.6699, 63
24.6707, 63
24.6718, 63
24.6726, 63
24.6745, 63
24.6771, 63
24.6792, 63
24.6814, 63
24.6840, 63
24.6862, 63
24.6888, 63
24.6928, 63
24.6959, 63
24.6996, 63
24.7022, 63
24.7043, 63
24.7065, 63
24.7092, 63
24.7117, 63
24.7139, 63
24.7176, 63
24.7191, 63
24.7216, 63
24.7247, 63
24.7295, 63
24.7314, 63
24.7334, 63
24.7363, 63
24.7386, 63
24.7413, 63
24.7433, 63
24.7454, 63
24.7474, 63
24.7496, 63
24.7518, 63
24.7542, 63
24.7560, 63
24.7586, 63
24.7608, 63
24.7628, 63
24.7648, 62
24.7668, 61
24.7682, 62
24.7703, 62
24.7718, 62
24.7735, 62
24.7760, 63
24.7782, 63
24.7805, 63
24.7829, 63
24.7855, 63
24.7883, 63
24.7900, 63
24.7925, 63
24.7952, 63
24.7976, 63
24.7998, 63
24.8020, 63
24.8043, 63
24.8069, 63
24.8091, 63
24.8116, 63
24.8138, 63
24.8158, 63
24.8183, 63
24.8203, 63
24.8216, 63
24.8234, 63
24.8259, 63
24.8288, 63
24.8298, 63
24.8325, 63
24.8357, 63
24.8362, 63
24.8389, 63
24.8412, 63
24.8437, 63
24.8456, 63
24.8480, 63
24.8495, 63
24.8518, 63
24.8540, 63
24.8568, 63
24.8586, 63
24.8606, 63
24.8629, 63
24.8656, 63
24.8678, 63
24.8704, 63
24.8722, 63
24.8745, 62
24.8766, 62
24.8785, 63
24.8806, 63
24.8827, 63
24.8853, 63
24.8874, 63
24.8895, 63
24.8918, 63
24.8943, 63
24.8967, 63
24.8986, 62
24.9078, 62
24.9093, 61
24.9110, 60
24.9124, 60
24.9148, 59
24.9168, 59
24.9186, 59
24.9200, 58
24.9216, 58
24.9233, 59
24.9251, 60
24.9268, 61
24.9279, 61
24.9296, 60
24.9312, 60
24.9326, 59
24.9348, 59
24.9361, 58
24.9377, 57
24.9390, 57
24.9404, 55
24.9419, 54
24.9429, 54
24.9447, 53
24.9470, 52
24.9483, 51
24.9503, 50
24.9524, 50
24.9533, 49
24.9546, 48
24.9564, 48
24.9574, 47
24.9586, 47
24.9596, 46
24.9636, 45
24.9677, 45
24.9702, 44
24.9736, 43
24.9759, 42
24.9768, 42
24.9799, 41
24.9833, 41
24.9857, 40
24.9914, 40
24.9934, 38
24.9994, 37
25.0011, 37
25.0038, 35
25.0056, 34
25.0087, 32
25.0106, 32
25.0131, 31
25.0155, 31
25.0178, 30
25.0200, 29
25.0220, 29
25.0248, 28
25.0270, 27
25.0290, 27
25.0309, 26
25.0324, 25
25.0366, 25
25.0400, 24
25.0430, 23
25.0460, 22
25.0492, 22
25.0518, 21
25.0549, 20
25.0573, 20
25.0613, 19
25.0637, 18
25.0662, 19
25.0686, 19
25.0709, 19
25.0745, 19
25.0768, 19
25.0792, 17
25.0816, 17
25.0839, 16
25.0862, 15
25.0870, 14
25.0898, 13
25.0921, 12
25.0946, 11
25.0972, 9
25.0996, 8
25.1016, 7
25.1035, 6
25.1053, 5
25.1077, 4
25.1098, 1
25.1145, 1
25.1173, 1
25.1204, 1
25.1242, 1
25.1264, 1
25.1284, 1
25.1306, 2
25.1313, 2
25.1321, 2
25.1365, 2
25.1390, 2
25.1408, 3
25.1427, 3
25.1463, 3
25.1488, 3
25.1512, 4
25.1536, 4
25.1566, 4
25.1590, 4
25.1614, 4
25.1639, 5
25.1662, 5
25.1693, 5
25.1718, 5
25.1746, 5
25.1767, 6
25.1802, 6
25.1827, 6
25.1860, 6
25.1889, 7
25.1921, 7
25.1945, 7
25.1968, 7
25.2021, 7
25.2042, 8
25.2090, 8
25.2098, 8
25.2120, 8
25.2159, 9
25.2180, 9
25.2211, 9
25.2233, 9
25.2260, 9
25.2281, 10
25.2320, 10
25.2363, 10
25.2394, 10
25.2431, 10
25.2468, 10
25.2503, 11
25.2535, 11
25.2571, 11
25.2607, 11
25.2639, 11
25.2672, 12
25.2705, 12
25.2732, 12
25.2762, 12
25.2792, 12
25.2823, 13
25.2852, 13
25.2881, 13
25.2910, 13
25.2944, 14
25.2974, 14
25.3002, 14
25.3033, 14
25.3064, 14
25.3094, 15
25.3123, 15
25.3154, 15
25.3181, 15
25.3211, 16
25.3239, 16
25.3271, 16
25.3300, 16
25.3330, 16
25.3358, 17
25.3384, 17
25.3416, 17
25.3445, 17
25.3476, 18
25.3505, 18
25.3537, 18
25.3566, 18
25.3595, 18
25.3624, 19
25.3651, 19
25.3682, 19
25.3711, 20
25.3741, 21
25.3769, 21
25.3803, 22
25.3831, 23
25.3852, 24
25.3880, 25
25.3907, 26
25.3935, 26
25.3963, 29
25.3989, 30
25.4026, 31
25.4049, 32
25.4071, 35
25.4095, 35
25.4111, 36
25.4130, 37
25.4154, 38
25.4178, 39
25.4208, 39
25.4231, 41
25.4260, 42
25.4284, 42
25.4307, 43
25.4333, 43
25.4358, 43
25.4396, 44
25.4405, 44
25.4430, 44
25.4455, 45
25.4479, 45
25.4503, 45
25.4528, 46
25.4553, 46
25.4577, 46
25.4601, 46
25.4626, 47
25.4650, 47
25.4674, 47
25.4696, 47
25.4721, 48
25.4745, 48
25.4768, 49
25.4792, 49
25.4816, 49
25.4840, 50
25.4864, 50
25.4888, 50
25.4914, 50
25.4937, 51
25.4960, 52
25.4984, 55
25.5008, 57
25.5032, 56
25.5055, 55
25.5079, 56
25.5104, 57
25.5128, 57
25.5152, 58
25.5176, 58
25.5200, 59
25.5225, 59
25.5248, 60
25.5281, 60
25.5299, 60
25.5321, 61
25.5330, 61
25.5360, 62
25.5370, 62
25.5398, 62
25.5427, 63
25.5441, 63
25.5462, 63
25.5481, 63
25.5511, 63
25.5529, 63
25.5543, 63
25.5565, 63
25.5585, 63
25.5608, 63
25.5628, 63
25.5654, 63
25.5679, 63
25.5698, 63
25.5712, 63
25.5730, 63
25.5758, 63
25.5773, 63
25.5795, 63
25.5827, 63
25.5843, 63
25.5857, 63
25.5884, 63
25.5905, 63
25.5919, 63
25.5940, 63
25.5962, 63
25.5982, 63
25.6002, 63
25.6023, 63
25.6050, 63
25.6063, 63
25.6085, 63
25.6104, 63
25.6124, 63
25.6147, 63
25.6167, 63
25.6188, 63
25.6216, 63
25.6231, 63
25.6266, 63
25.6297, 63
25.6330, 63
25.6364, 63
25.6398, 63
25.6424, 63
25.6453, 63
25.6476, 63
25.6509, 63
25.6547, 63
25.6575, 63
25.6606, 63
25.6630, 63
25.6664, 63
25.6693, 63
25.6723, 63
25.6751, 63
25.6780, 63
25.6806, 63
25.6828, 63
25.6862, 63
25.6895, 63
25.6918, 63
25.6943, 63
25.6972, 63
25.6995, 63
25.7022, 63
25.7050, 63
25.7071, 63
25.7091, 63
25.7112, 63
25.7127, 63
25.7153, 63
25.7167, 63
25.7183, 63
25.7195, 63
25.7205, 63
25.7310, 63
25.7348, 63
25.7355, 63
25.7363, 63
25.7371, 63
25.7380, 63
25.7433, 63
25.7441, 63
25.7503, 63
25.7578, 63
25.7595, 63
25.7613, 63
25.7628, 63
25.7649, 63
25.7667, 63
25.7688, 63
25.7704, 63
25.7754, 63
25.7771, 63
25.7783, 63
25.7799, 63
25.7817, 63
25.7838, 63
25.7852, 63
25.7868, 63
25.7882, 63
25.7899, 63
25.7915, 63
25.7929, 63
25.7945, 63
25.7963, 63
25.7977, 63
25.7997, 63
25.8013, 63
25.8027, 63
25.8044, 63
25.8060, 63
25.8075, 63
25.8090, 63
25.8108, 63
25.8125, 63
25.8137, 63
25.8151, 63
25.8171, 63
25.8187, 63
25.8203, 63
25.8217, 63
25.8232, 63
25.8247, 63
25.8262, 63
25.8280, 63
25.8293, 63
25.8309, 63
25.8325, 63
25.8344, 63
25.8364, 63
25.8378, 63
25.8396, 63
25.8410, 63
25.8426, 63
25.8443, 63
25.8453, 63
25.8464, 63
25.8474, 63
25.8491, 63
25.8502, 63
25.8518, 63
25.8529, 63
25.8539, 63
25.8550, 62
25.8573, 63
25.8581, 63
25.8589, 63
25.8618, 63
25.8626, 63
25.8658, 63
25.8666, 63
25.8674, 63
25.8681, 63
25.8689, 63
25.8698, 63
25.8706, 63
25.8774, 63
25.8782, 63
25.8790, 63
25.8798, 63
25.8805, 63
25.8863, 63
25.8880, 63
25.8899, 63
25.8907, 63
25.8914, 63
25.8984, 63
25.8990, 63
25.8995, 63
25.9004, 63
25.9014, 63
25.9027, 63
25.9046, 63
25.9067, 63
25.9087, 63
25.9105, 63
25.9139, 63
25.9168, 63
25.9193, 63
25.9211, 63
25.9249, 63
25.9272, 63
25.9297, 63
25.9320, 63
25.9344, 63
25.9366, 63
25.9391, 63
25.9416, 47
25.9445, 47
25.9457, 46
25.9468, 45
25.9492, 44
25.9520, 44
25.9549, 42
25.9728, 42
25.9737, 40
25.9747, 39
25.9758, 39
25.9768, 38
25.9779, 37
25.9796, 31
25.9807, 30
25.9817, 29
25.9827, 27
25.9837, 26
25.9944, 25
25.9955, 24
25.9965, 23
25.9976, 21
25.9990, 20
26.0000, 19
26.0010, 20
26.0021, 21
26.0033, 22
26.0043, 22
26.0182, 22
26.0290, 23
26.0299, 24
26.0309, 24
26.0319, 24
26.0334, 24
26.0352, 24
26.0370, 25
26.0388, 25
26.0398, 25
26.0405, 25
26.0413, 25
26.0420, 26
26.0427, 27
26.0434, 26
26.0442, 26
26.0449, 27
26.0456, 27
26.0463, 27
26.0581, 27
26.0597, 27
26.0613, 27
26.0620, 28
26.0629, 28
26.0643, 28
26.0655, 27
26.0664, 28
26.0673, 29
26.0684, 30
26.0693, 30
26.0701, 31
26.0736, 32
26.0750, 33
26.0769, 33
26.0790, 34
26.0815, 34
26.0835, 35
26.0855, 36
26.0873, 37
26.0903, 37
26.0929, 38
26.1063, 39
26.1079, 40
26.1094, 41
26.1118, 42
26.1127, 43
26.1143, 43
26.1160, 44
26.1177, 44
26.1190, 45
26.1206, 46
26.1223, 47
26.1250, 48
26.1266, 48
26.1286, 49
26.1290, 50
26.1375, 51
26.1407, 52
26.1434, 52
26.1444, 53
26.1461, 54
26.1470, 55
26.1479, 56
26.1488, 57
26.1505, 57
26.1523, 58
26.1570, 59
26.1593, 60
26.1605, 61
26.1623, 61
26.1646, 62
26.1655, 63
26.1673, 63
26.1685, 63
26.1702, 63
26.1737, 63
26.1754, 63
26.1760, 63
26.1769, 63
26.1778, 63
26.1785, 63
26.1859, 63
26.1870, 63
26.1879, 63
26.1926, 63
26.1936, 63
26.1946, 63
26.1955, 63
26.1964, 63
26.1973, 63
26.1982, 63
26.1990, 63
26.1999, 63
26.2008, 63
26.2024, 63
26.2042, 63
26.2051, 62
26.2077, 63
26.2159, 63
26.2166, 63
26.2182, 63
26.2199, 63
26.2216, 63
26.2226, 63
26.2235, 62
26.2247, 62
26.2385, 63
26.2457, 63
26.2467, 63
26.2591, 63
26.2615, 63
26.2633, 63
26.2659, 63
26.2687, 63
26.2808, 63
26.2849, 63
26.2869, 63
26.2895, 63
26.2943, 63
26.2952, 63
26.2975, 63
26.2994, 63
26.3013, 63
26.3039, 63
26.3070, 63
26.3078, 62
26.3092, 63
26.3111, 63
26.3132, 63
26.3163, 63
26.3196, 63
26.3215, 63
26.3245, 63
26.3271, 63
26.3286, 63
26.3294, 63
26.3302, 63
26.3310, 63
26.3337, 63
26.3346, 63
26.3365, 63
26.3380, 63
26.3405, 63
26.3434, 63
26.3443, 63
26.3452, 61
26.3461, 59
26.3488, 60
26.3536, 60
26.3548, 60
26.3571, 60
26.3586, 60
26.3602, 60
26.3622, 60
26.3635, 60
26.3644, 60
26.3662, 59
26.3667, 57
26.3671, 56
26.3690, 48
26.3737, 47
26.3771, 47
26.3782, 46
26.3798, 43
26.3804, 43
26.3811, 44
26.3842, 44
26.3862, 44
26.3881, 44
26.3900, 44
26.3917, 44
26.3933, 42
26.3944, 41
26.3954, 41
26.3972, 41
26.4014, 42
26.4029, 43
26.4045, 44
26.4059, 45
26.4070, 46
26.4079, 47
26.4090, 48
26.4101, 49
26.4118, 49
26.4132, 50
26.4144, 51
26.4160, 52
26.4182, 53
26.4196, 54
26.4222, 54
26.4231, 55
26.4246, 55
26.4293, 55
26.4314, 55
26.4366, 54
26.4386, 55
26.4395, 55
26.4411, 55
26.4425, 55
26.4457, 55
26.4465, 55
26.4475, 56
26.4504, 56
26.4528, 57
26.4702, 58
26.4724, 59
26.4750, 60
26.4760, 61
26.4779, 62
26.4796, 63
26.4815, 63
26.4834, 63
26.4853, 63
26.4880, 62
26.4892, 63
26.4904, 63
26.4923, 63
26.5054, 63
26.5073, 63
26.5082, 63
26.5149, 63
26.5167, 63
26.5203, 63
26.5218, 63
26.5238, 63
26.5263, 63
26.5294, 63
26.5311, 63
26.5322, 63
26.5410, 63
26.5452, 63
26.5511, 63
26.5520, 63
26.5529, 63
26.5561, 63
26.5651, 63
26.5680, 63
26.5711, 63
26.5737, 63
26.5777, 63
26.5798, 63
26.5926, 63
26.5977, 63
26.5992, 63
26.6017, 63
26.6063, 63
26.6072, 63
26.6081, 63
26.6090, 63
26.6149, 63
26.6245, 63
26.6416, 63
26.6423, 63
26.6430, 63
26.6450, 63
26.6470, 63
26.6488, 63
26.6532, 63
26.6546, 63
26.6702, 63
26.6721, 63
26.6737, 63
26.6759, 63
26.6821, 63
26.6862, 62
26.6889, 63
26.6950, 63
26.6963, 63
26.7087, 63
26.7117, 63
26.7132, 63
26.7184, 63
26.7290, 63
26.7370, 63
26.7412, 63
26.7421, 63
26.7435, 63
26.7464, 63
26.7484, 63
26.7515, 63
26.7525, 63
26.7540, 63
26.7562, 63
26.7569, 63
26.7576, 63
26.7583, 63
26.7590, 63
26.7597, 63
26.7603, 63
26.7610, 63
26.7617, 63
26.7624, 63
26.7631, 63
26.7638, 63
26.7645, 63
26.7651, 63
26.7658, 63
26.7665, 63
26.7672, 63
26.7696, 63
26.7730, 63
26.7749, 63
26.7769, 63
26.7788, 63
26.7797, 63
26.7806, 63
26.7829, 63
26.7837, 63
26.7847, 63
26.7861, 63
26.7879, 63
26.7909, 63
26.7943, 63
26.7974, 62
26.8014, 62
26.8056, 62
26.8247, 63
26.8337, 63
26.8347, 63
26.8356, 63
26.8364, 63
26.8373, 63
26.8382, 63
26.8392, 63
26.8401, 63
26.8410, 62
26.8419, 62
26.8428, 62
26.8437, 62
26.8446, 62
26.8455, 62
26.8463, 60
26.8471, 60
26.8479, 61
26.8483, 61
26.8488, 61
26.8545, 61
26.8565, 63
26.8592, 63
26.8612, 63
26.8632, 63
26.8658, 63
26.8672, 63
26.8682, 63
26.8715, 63
26.8865, 63
26.8875, 63
26.8886, 63
26.8945, 63
26.8956, 63
26.8982, 63
26.9019, 63
26.9032, 63
26.9057, 63
26.9075, 63
26.9107, 63
26.9116, 63
26.9126, 63
26.9136, 63
26.9154, 63
26.9171, 63
26.9189, 63
26.9208, 63
26.9234, 63
26.9244, 63
26.9253, 61
26.9272, 62
26.9294, 62
26.9313, 62
26.9323, 62
26.9384, 63
26.9424, 63
26.9440, 63
26.9446, 63
26.9500, 63
26.9509, 63
26.9537, 63
26.9555, 63
26.9588, 63
26.9632, 63
26.9659, 63
26.9676, 63
26.9692, 63
26.9715, 63
26.9771, 63
26.9783, 63
26.9805, 62
26.9814, 62
26.9824, 62
26.9833, 62
26.9897, 62
26.9906, 62
26.9916, 62
26.9925, 62
26.9933, 63
26.9942, 63
26.9948, 63
26.9958, 63
26.9982, 63
26.9990, 63
27.0029, 63
27.0065, 63
27.0078, 63
27.0092, 63
27.0178, 63
27.0204, 63
27.0237, 63
27.0256, 63
27.0364, 62
27.0377, 62
27.0401, 63
27.0420, 63
27.0427, 61
27.0436, 62
27.0446, 63
27.0457, 63
27.0558, 62
27.0570, 62
27.0605, 61
27.0652, 62
27.0661, 63
27.0670, 63
27.0678, 63
27.0687, 63
27.0697, 63
27.0705, 63
27.0715, 63
27.0724, 63
27.0733, 63
27.0742, 63
27.0783, 63
27.0812, 63
27.0827, 63
27.0843, 63
27.0861, 63
27.0872, 63
27.0889, 63
27.0906, 63
27.0915, 63
27.0925, 63
27.0935, 63
27.0955, 63
27.0972, 63
27.0981, 63
27.0999, 63
27.1040, 63
27.1050, 62
27.1059, 62
27.1069, 62
27.1079, 63
27.1091, 63
27.1107, 63
27.1120, 63
27.1136, 63
27.1150, 63
27.1167, 62
27.1183, 62
27.1196, 63
27.1214, 63
27.1231, 63
27.1246, 62
27.1261, 62
27.1279, 62
27.1307, 62
27.1317, 63
27.1327, 63
27.1344, 63
27.1356, 63
27.1371, 62
27.1385, 63
27.1403, 63
27.1417, 63
27.1434, 63
27.1449, 63
27.1466, 63
27.1480, 62
27.1496, 62
27.1510, 63
27.1572, 63
27.1587, 63
27.1608, 63
27.1629, 63
27.1648, 63
27.1677, 63
27.1689, 63
27.1701, 63
27.1718, 63
27.1728, 63
27.1736, 63
27.1753, 63
27.1766, 63
27.1781, 63
27.1788, 63
27.1805, 63
27.1821, 63
27.1834, 63
27.1842, 63
27.1852, 62
27.1878, 62
27.1899, 63
27.1909, 63
27.1918, 63
27.1932, 63
27.1942, 63
27.1970, 63
27.1993, 63
27.2003, 63
27.2013, 63
27.2030, 63
27.2043, 63
27.2064, 63
27.2080, 63
27.2090, 63
27.2100, 63
27.2109, 63
27.2147, 63
27.2163, 63
27.2190, 63
27.2203, 63
27.2219, 63
27.2233, 63
27.2252, 63
27.2266, 63
27.2278, 63
27.2287, 62
27.2304, 62
27.2321, 62
27.2336, 62
27.2361, 62
27.2371, 62
27.2381, 62
27.2390, 63
27.2417, 63
27.2439, 63
27.2459, 63
27.2476, 63
27.2497, 63
27.2519, 63
27.2538, 63
27.2560, 63
27.2590, 63
27.2610, 63
27.2631, 63
27.2640, 61
27.2698, 61
27.2745, 61
27.2765, 61
27.2782, 62
27.2804, 62
27.2819, 62
27.2826, 63
27.2833, 63
27.2840, 62
27.2847, 63
27.2858, 63
27.2874, 63
27.2889, 63
27.2908, 63
27.2918, 63
27.2927, 62
27.3014, 62
27.3037, 62
27.3094, 62
27.3117, 63
27.3141, 63
27.3165, 63
27.3264, 63
27.3297, 63
27.3314, 63
27.3328, 63
27.3357, 63
27.3385, 63
27.3409, 63
27.3416, 63
27.3423, 63
27.3430, 63
27.3437, 63
27.3453, 63
27.3475, 63
27.3488, 63
27.3497, 63
27.3506, 63
27.3515, 63
27.3526, 63
27.3538, 63
27.3547, 63
27.3556, 63
27.3567, 63
27.3579, 63
27.3590, 63
27.3603, 63
27.3616, 63
27.3635, 63
27.3648, 63
27.3664, 63
27.3680, 63
27.3693, 63
27.3702, 61
27.3713, 58
27.3728, 59
27.3737, 60
27.3753, 60
27.3759, 61
27.3780, 61
27.3790, 62
27.3798, 63
27.3807, 63
27.3826, 63
27.3845, 63
27.3867, 63
27.3880, 63
27.3891, 63
27.3899, 63
27.3941, 63
27.3960, 63
27.3977, 63
27.4015, 63
27.4046, 63
27.4066, 63
27.4082, 63
27.4096, 63
27.4111, 63
27.4126, 63
27.4136, 63
27.4143, 63
27.4150, 63
27.4158, 62
27.4162, 63
27.4166, 63
27.4177, 63
27.4186, 63
27.4195, 63
27.4209, 63
27.4226, 63
27.4241, 63
27.4249, 63
27.4258, 63
27.4272, 63
27.4287, 63
27.4305, 63
27.4320, 63
27.4333, 63
27.4344, 63
27.4359, 63
27.4374, 63
27.4393, 63
27.4408, 63
27.4425, 63
27.4434, 63
27.4449, 63
27.4462, 62
27.4479, 63
27.4494, 63
27.4511, 63
27.4551, 63
27.4570, 63
27.4586, 63
27.4602, 63
27.4619, 63
27.4636, 63
27.4650, 63
27.4668, 62
27.4686, 63
27.4700, 63
27.4716, 63
27.4738, 63
27.4764, 62
27.4848, 63
27.4862, 63
27.4887, 63
27.4911, 63
27.4924, 63
27.4941, 63
27.4951, 63
27.4960, 63
27.4969, 63
27.4978, 63
27.4988, 63
27.5023, 63
27.5041, 63
27.5056, 63
27.5080, 63
27.5100, 63
27.5120, 63
27.5140, 63
27.5160, 63
27.5182, 63
27.5205, 63
27.5224, 63
27.5247, 63
27.5268, 63
27.5288, 63
27.5308, 62
27.5331, 62
27.5365, 62
27.5380, 62
27.5401, 62
27.5413, 63
27.5439, 63
27.5458, 62
27.5576, 62
27.5590, 63
27.5611, 63
27.5626, 62
27.5654, 62
27.5670, 63
27.5679, 63
27.5701, 63
27.5722, 63
27.5740, 63
27.5755, 63
27.5765, 63
27.5778, 63
27.5788, 63
27.5802, 63
27.5822, 62
27.5838, 61
27.5853, 61
27.5865, 62
27.5878, 62
27.5892, 62
27.5912, 61
27.5926, 59
27.5941, 57
27.5958, 57
27.5978, 57
27.5997, 58
27.6014, 55
27.6031, 56
27.6051, 57
27.6070, 58
27.6084, 59
27.6103, 60
27.6122, 61
27.6141, 62
27.6157, 62
27.6175, 63
27.6192, 63
27.6211, 63
27.6233, 63
27.6247, 62
27.6259, 63
